4225
[12.1856,-0.00433731,-21.8963]
$[-21.3437,5.43594e-05,-18.8083]
$[-23.3797,-0.0132799,-17.4787]
%[-21.3906,0.126695,3.72834]
%[-21.2472,0.154387,7.03778]
%[-17.5072,-0.00359726,9.29334]
%[15.0034,1.90735e-05,11.0883]
%[11.1425,0.00119972,13.7862]
%[6.57227,-0.00651741,11.3448]
%[4.2526,0.225224,9.17958]
#[¾øÀ½]
#[../../Resources/Testures/DesertCrack_dtw.tga]
#[../../Resources/Testures/terrain3.png]
#[../../Resources/Testures/terrain4.png]
#[../../Resources/Testures/Splat1.png]
//============¸Ê=============
[-32,0.495764,32][0]
[-31,0.522871,32][0]
[-30,0.547504,32][0]
[-29,0.610409,32][0]
[-28,0.701651,32][0]
[-27,0.810243,32][0]
[-26,0.927629,32][0]
[-25,1.04544,32][0]
[-24,1.14956,32][0]
[-23,1.21969,32][0]
[-22,1.24197,32][0]
[-21,1.22426,32][0]
[-20,1.2024,32][0]
[-19,1.22569,32][0]
[-18,1.33485,32][0]
[-17,1.53715,32][0]
[-16,1.79988,32][0]
[-15,2.06976,32][0]
[-14,2.30566,32][0]
[-13,2.49773,32][0]
[-12,2.65396,32][0]
[-11,2.78163,32][0]
[-10,2.87873,32][0]
[-9,2.93912,32][0]
[-8,2.95402,32][0]
[-7,2.91087,32][0]
[-6,2.79573,32][0]
[-5,2.60123,32][0]
[-4,2.33427,32][0]
[-3,2.01709,32][0]
[-2,1.68104,32][0]
[-1,1.35745,32][0]
[0,1.07044,32][0]
[1,0.833481,32][0]
[2,0.649291,32][0]
[3,0.512196,32][0]
[4,0.411741,32][1]
[5,0.33642,32][1]
[6,0.276492,32][0]
[7,0.225391,32][0]
[8,0.179801,32][0]
[9,0.13885,32][0]
[10,0.102976,32][0]
[11,0.0729269,32][0]
[12,0.0491115,32][0]
[13,0.0313482,32][0]
[14,0.0189151,32][0]
[15,0.0107636,32][0]
[16,0.0057642,32][0]
[17,0.00289943,32][0]
[18,0.00136737,32][0]
[19,0.000603552,32][0]
[20,0.000248928,32][0]
[21,9.57761e-05,32][0]
[22,3.43211e-05,32][0]
[23,1.14357e-05,32][0]
[24,3.53684e-06,32][0]
[25,1.01349e-06,32][0]
[26,2.68546e-07,32][0]
[27,6.56554e-08,32][0]
[28,1.47751e-08,32][0]
[29,3.05237e-09,32][0]
[30,5.77301e-10,32][0]
[31,1.01113e-10,32][0]
[32,2.70548e-11,32][0]
[-32,0.503689,31][0]
[-31,0.53481,31][0]
[-30,0.564394,31][0]
[-29,0.638726,31][0]
[-28,0.742713,31][0]
[-27,0.859296,31][0]
[-26,0.976096,31][0]
[-25,1.08808,31][0]
[-24,1.18841,31][0]
[-23,1.26024,31][0]
[-22,1.28697,31][0]
[-21,1.27441,31][0]
[-20,1.25646,31][0]
[-19,1.2852,31][0]
[-18,1.40688,31][1]
[-17,1.63725,31][1]
[-16,1.93734,31][0]
[-15,2.2326,31][0]
[-14,2.47074,31][0]
[-13,2.65068,31][0]
[-12,2.79973,31][0]
[-11,2.93091,31][0]
[-10,3.04005,31][0]
[-9,3.11688,31][0]
[-8,3.14949,31][0]
[-7,3.11991,31][0]
[-6,3.00712,31][0]
[-5,2.79923,31][0]
[-4,2.50455,31][0]
[-3,2.15178,31][0]
[-2,1.77973,31][0]
[-1,1.42515,31][0]
[0,1.1145,31][0]
[1,0.861314,31][0]
[2,0.667137,31][0]
[3,0.524604,31][0]
[4,0.42159,31][1]
[5,0.345201,31][1]
[6,0.284711,31][0]
[7,0.232991,31][0]
[8,0.186511,31][0]
[9,0.144418,31][0]
[10,0.107292,31][0]
[11,0.076043,31][0]
[12,0.0512019,31][0]
[13,0.0326486,31][0]
[14,0.0196632,31][0]
[15,0.0111603,31][0]
[16,0.00595721,31][0]
[17,0.00298506,31][0]
[18,0.00140169,31][0]
[19,0.000615784,31][0]
[20,0.000252694,31][0]
[21,9.67113e-05,31][0]
[22,3.44665e-05,31][0]
[23,1.14199e-05,31][0]
[24,3.51188e-06,31][0]
[25,1.00059e-06,31][0]
[26,2.63611e-07,31][0]
[27,6.40824e-08,31][0]
[28,1.43399e-08,31][0]
[29,2.946e-09,31][0]
[30,5.54129e-10,31][0]
[31,9.64715e-11,31][0]
[32,2.5611e-11,31][0]
[-32,0.509261,30][0]
[-31,0.542897,30][0]
[-30,0.577777,30][0]
[-29,0.662461,30][0]
[-28,0.778273,30][0]
[-27,0.898594,30][0]
[-26,1.00718,30][0]
[-25,1.10064,30][1]
[-24,1.17921,30][1]
[-23,1.23432,30][1]
[-22,1.25119,30][1]
[-21,1.23483,30][1]
[-20,1.21974,30][1]
[-19,1.25268,30][1]
[-18,1.38135,30][1]
[-17,1.63045,30][1]
[-16,1.96604,30][1]
[-15,2.29846,30][1]
[-14,2.56001,30][0]
[-13,2.75609,30][0]
[-12,2.92081,30][0]
[-11,3.07044,30][0]
[-10,3.19567,30][0]
[-9,3.28782,30][0]
[-8,3.33677,30][0]
[-7,3.32067,30][0]
[-6,3.20977,30][0]
[-5,2.98621,30][0]
[-4,2.6617,30][0]
[-3,2.27248,30][0]
[-2,1.86558,30][0]
[-1,1.48207,30][0]
[0,1.15014,30][0]
[1,0.88292,30][0]
[2,0.680373,30][0]
[3,0.533485,30][1]
[4,0.428609,30][1]
[5,0.351608,30][0]
[6,0.290889,30][0]
[7,0.238833,30][0]
[8,0.191734,30][0]
[9,0.148774,30][0]
[10,0.110664,30][0]
[11,0.0784594,30][0]
[12,0.0528033,30][0]
[13,0.0336271,30][0]
[14,0.0202126,30][0]
[15,0.0114421,30][0]
[16,0.00608823,30][0]
[17,0.00303951,30][0]
[18,0.00142143,30][0]
[19,0.00062169,30][0]
[20,0.000253917,30][0]
[21,9.67014e-05,30][0]
[22,3.42879e-05,30][0]
[23,1.13017e-05,30][0]
[24,3.45725e-06,30][0]
[25,9.79808e-07,30][0]
[26,2.5677e-07,30][0]
[27,6.20901e-08,30][0]
[28,1.38215e-08,30][0]
[29,2.82481e-09,30][0]
[30,5.28627e-10,30][0]
[31,9.15424e-11,30][0]
[32,2.3599e-11,30][0]
[-32,0.526608,29][0]
[-31,0.564501,29][0]
[-30,0.607077,29][0]
[-29,0.710263,29][0]
[-28,0.843447,29][1]
[-27,0.962844,29][1]
[-26,1.04208,29][1]
[-25,1.08952,29][1]
[-24,1.11958,29][1]
[-23,1.13313,29][1]
[-22,1.12801,29][1]
[-21,1.1085,29][1]
[-20,1.10173,29][1]
[-19,1.14771,29][1]
[-18,1.2938,29][1]
[-17,1.57382,29][1]
[-16,1.96466,29][1]
[-15,2.3726,29][1]
[-14,2.7051,29][1]
[-13,2.96565,29][1]
[-12,3.20443,29][0]
[-11,3.42176,29][0]
[-10,3.5958,29][0]
[-9,3.7177,29][0]
[-8,3.79998,29][0]
[-7,3.81907,29][0]
[-6,3.71512,29][0]
[-5,3.45467,29][0]
[-4,3.05101,29][0]
[-3,2.56892,29][0]
[-2,2.0737,29][0]
[-1,1.61859,29][0]
[0,1.73633,29][1]
[1,1.83585,29][1]
[2,1.11302,29][0]
[3,0.555157,29][1]
[4,0.445242,29][1]
[5,0.366353,29][1]
[6,0.304894,29][1]
[7,0.25206,29][0]
[8,0.203655,29][0]
[9,0.158853,29][0]
[10,0.118609,29][1]
[11,0.0842887,29][1]
[12,0.0567799,29][0]
[13,0.036148,29][0]
[14,0.0216962,29][0]
[15,0.0122519,29][0]
[16,0.00649758,29][0]
[17,0.00323081,29][0]
[18,0.00150389,29][0]
[19,0.00065439,29][1]
[20,0.000265802,29][1]
[21,0.00010064,29][0]
[22,3.54699e-05,29][1]
[23,1.16192e-05,29][1]
[24,3.53214e-06,29][0]
[25,9.94724e-07,29][0]
[26,2.59035e-07,29][0]
[27,6.22446e-08,29][0]
[28,1.37697e-08,29][0]
[29,2.79694e-09,29][0]
[30,5.20238e-10,29][0]
[31,8.95096e-11,29][0]
[32,2.28971e-11,29][0]
[-32,0.550935,28][0]
[-31,0.590047,28][0]
[-30,0.636251,28][0]
[-29,0.74681,28][0]
[-28,0.88167,28][1]
[-27,0.977645,28][1]
[-26,1.00726,28][1]
[-25,0.998322,28][1]
[-24,0.977951,28][0]
[-23,0.953726,28][0]
[-22,0.929833,28][0]
[-21,0.912617,28][0]
[-20,0.918057,28][0]
[-19,0.981243,28][0]
[-18,1.14597,28][0]
[-17,1.44708,28][0]
[-16,1.87392,28][0]
[-15,2.35011,28][0]
[-14,2.78599,28][1]
[-13,3.17037,28][1]
[-12,3.5607,28][1]
[-11,3.93058,28][0]
[-10,4.38339,28][0]
[-9,4.52623,28][1]
[-8,4.82006,28][1]
[-7,4.88658,28][0]
[-6,4.93459,28][0]
[-5,5.344,28][0]
[-4,4.2396,28][0]
[-3,3.00691,28][0]
[-2,2.46122,28][0]
[-1,1.80104,28][0]
[0,1.84986,28][1]
[1,1.90418,28][1]
[2,1.15371,28][0]
[3,0.580874,28][1]
[4,0.464207,28][1]
[5,0.383015,28][1]
[6,0.320947,28][1]
[7,0.267535,28][1]
[8,0.21786,28][1]
[9,0.171038,28][1]
[10,0.128325,28][1]
[11,0.0914811,28][1]
[12,0.0617245,28][1]
[13,0.0393051,28][1]
[14,0.0235681,28][1]
[15,0.0132821,28][0]
[16,0.00702344,28][0]
[17,0.00347953,28][0]
[18,0.00161276,28][0]
[19,0.000698422,28][1]
[20,0.000282225,28][1]
[21,0.000106275,28][1]
[22,3.72428e-05,28][1]
[23,1.21286e-05,28][1]
[24,3.665e-06,28][0]
[25,1.02592e-06,28][0]
[26,2.65539e-07,28][0]
[27,6.34214e-08,28][0]
[28,1.39454e-08,28][0]
[29,2.81571e-09,28][0]
[30,5.20628e-10,28][0]
[31,8.9036e-11,28][0]
[32,2.2635e-11,28][0]
[-32,0.578058,27][0]
[-31,0.612463,27][0]
[-30,0.652807,27][0]
[-29,0.746285,27][0]
[-28,0.850401,27][1]
[-27,0.903417,27][1]
[-26,0.888795,27][0]
[-25,0.841691,27][0]
[-24,0.796354,27][0]
[-23,0.763061,27][0]
[-22,0.740951,27][0]
[-21,0.733933,27][0]
[-20,0.755625,27][0]
[-19,0.83443,27][0]
[-18,1.0097,27][0]
[-17,1.31389,27][0]
[-16,1.74669,27][0]
[-15,2.25873,27][0]
[-14,2.78609,27][0]
[-13,3.30646,27][1]
[-12,3.85195,27][1]
[-11,4.80401,27][1]
[-10,5.56083,27][1]
[-9,5.29072,27][1]
[-8,5.47511,27][1]
[-7,5.97948,27][1]
[-6,5.82119,27][1]
[-5,6.72386,27][1]
[-4,5.55141,27][0]
[-3,3.30056,27][0]
[-2,2.76302,27][0]
[-1,1.98749,27][0]
[0,1.46306,27][0]
[1,1.06932,27][0]
[2,0.789265,27][0]
[3,0.600498,27][0]
[4,0.476943,27][0]
[5,0.393895,27][1]
[6,0.331989,27][1]
[7,0.278888,27][1]
[8,0.228822,27][1]
[9,0.180777,27][1]
[10,0.136271,27][0]
[11,0.0974505,27][1]
[12,0.0658641,27][1]
[13,0.04196,27][1]
[14,0.0251445,27][1]
[15,0.0141489,27][1]
[16,0.00746474,27][0]
[17,0.00368745,27][1]
[18,0.00170332,27][1]
[19,0.000734829,27][0]
[20,0.000295712,27][1]
[21,0.000110867,27][1]
[22,3.86747e-05,27][1]
[23,1.25357e-05,27][1]
[24,3.76985e-06,27][0]
[25,1.05013e-06,27][0]
[26,2.70475e-07,27][0]
[27,6.42826e-08,27][0]
[28,1.40653e-08,27][0]
[29,2.826e-09,27][0]
[30,5.19982e-10,27][0]
[31,8.84831e-11,27][0]
[32,2.23811e-11,27][0]
[-32,0.606558,26][0]
[-31,0.631447,26][0]
[-30,0.658208,26][0]
[-29,0.716427,26][0]
[-28,0.77078,26][1]
[-27,0.783808,26][1]
[-26,0.749312,26][0]
[-25,0.696347,26][0]
[-24,0.655754,26][1]
[-23,0.63559,26][1]
[-22,0.631873,26][1]
[-21,0.643815,26][1]
[-20,0.6828,26][0]
[-19,0.773905,26][0]
[-18,0.951822,26][0]
[-17,1.24773,26][0]
[-16,1.67,26][0]
[-15,2.19509,26][0]
[-14,2.7782,26][0]
[-13,3.38494,26][0]
[-12,4.01408,26][1]
[-11,5.02487,26][1]
[-10,5.64853,26][1]
[-9,5.43472,26][0]
[-8,5.45991,26][1]
[-7,6.00025,26][1]
[-6,5.81616,26][1]
[-5,6.26224,26][1]
[-4,5.65953,26][0]
[-3,3.70946,26][0]
[-2,2.91787,26][0]
[-1,2.14202,26][0]
[0,1.55328,26][0]
[1,1.1164,26][0]
[2,0.809357,26][0]
[3,0.606054,26][0]
[4,0.476563,26][1]
[5,0.392591,26][1]
[6,0.331959,26][1]
[7,0.280518,26][0]
[8,0.231603,26][0]
[9,0.183958,26][0]
[10,0.139232,26][0]
[11,0.0998403,26][0]
[12,0.0675825,26][0]
[13,0.0430762,26][0]
[14,0.0258041,26][1]
[15,0.0145046,26][1]
[16,0.00763996,26][1]
[17,0.00376614,26][1]
[18,0.00173542,26][1]
[19,0.000746646,26][0]
[20,0.000299588,26][0]
[21,0.000111974,26][0]
[22,3.89361e-05,26][1]
[23,1.25791e-05,26][1]
[24,3.77028e-06,26][1]
[25,1.04672e-06,26][0]
[26,2.68681e-07,26][0]
[27,6.36388e-08,26][0]
[28,1.38771e-08,26][0]
[29,2.77869e-09,26][0]
[30,5.09541e-10,26][0]
[31,8.64046e-11,26][0]
[32,2.17782e-11,26][0]
[-32,0.637769,25][0]
[-31,0.652736,25][0]
[-30,0.66564,25][0]
[-29,0.69011,25][0]
[-28,0.705609,25][1]
[-27,0.69399,25][1]
[-26,0.656536,25][0]
[-25,0.613375,25][0]
[-24,0.585846,25][0]
[-23,0.581935,25][0]
[-22,0.598665,25][1]
[-21,0.633653,25][1]
[-20,0.693583,25][0]
[-19,0.798123,25][1]
[-18,0.977389,25][1]
[-17,1.26281,25][0]
[-16,1.67215,25][0]
[-15,2.19748,25][0]
[-14,2.8043,25][0]
[-13,3.44759,25][0]
[-12,4.09052,25][0]
[-11,4.66681,25][0]
[-10,5.10861,25][0]
[-9,5.40986,25][0]
[-8,5.62355,25][0]
[-7,5.80959,25][0]
[-6,5.66822,25][1]
[-5,6.09987,25][1]
[-4,5.77239,25][0]
[-3,4.17729,25][0]
[-2,3.09147,25][0]
[-1,2.24665,25][0]
[0,1.60943,25][0]
[1,1.13848,25][1]
[2,0.809407,25][1]
[3,0.594076,25][0]
[4,0.459938,25][1]
[5,0.375952,25][1]
[6,0.31764,25][0]
[7,0.269277,25][0]
[8,0.223311,25][0]
[9,0.178107,25][0]
[10,0.135242,25][0]
[11,0.0971949,25][0]
[12,0.0658769,25][0]
[13,0.0420102,25][0]
[14,0.025162,25][0]
[15,0.0141345,25][1]
[16,0.00743727,25][1]
[17,0.00366131,25][0]
[18,0.0016845,25][0]
[19,0.000723504,25][0]
[20,0.000289779,25][0]
[21,0.000108106,25][0]
[22,3.75199e-05,25][1]
[23,1.20984e-05,25][1]
[24,3.6193e-06,25][1]
[25,1.00289e-06,25][0]
[26,2.56947e-07,25][0]
[27,6.07457e-08,25][0]
[28,1.32216e-08,25][0]
[29,2.64255e-09,25][0]
[30,4.83684e-10,25][0]
[31,8.18651e-11,25][0]
[32,2.05947e-11,25][0]
[-32,0.673916,24][0]
[-31,0.682833,24][0]
[-30,0.687532,24][0]
[-29,0.694155,24][0]
[-28,0.690406,24][1]
[-27,0.666978,24][1]
[-26,0.624817,24][0]
[-25,0.578607,24][0]
[-24,0.546583,24][1]
[-23,0.543306,24][1]
[-22,0.572842,24][0]
[-21,0.63346,24][0]
[-20,0.72472,24][0]
[-19,0.85407,24][1]
[-18,1.04357,24][1]
[-17,1.32365,24][0]
[-16,1.72059,24][0]
[-15,2.23853,24][0]
[-14,2.8511,24][0]
[-13,3.50883,24][0]
[-12,4.15057,24][0]
[-11,4.72057,24][0]
[-10,5.18417,24][0]
[-9,5.53926,24][0]
[-8,5.80635,24][0]
[-7,6.01464,24][0]
[-6,5.67757,24][1]
[-5,5.70639,24][1]
[-4,5.55728,24][0]
[-3,4.32133,24][0]
[-2,3.18928,24][0]
[-1,2.30266,24][0]
[0,1.63263,24][0]
[1,1.1368,24][1]
[2,0.790798,24][1]
[3,0.565942,24][1]
[4,0.428251,24][1]
[5,0.344848,24][1]
[6,0.289559,24][1]
[7,0.245382,24][0]
[8,0.203932,24][0]
[9,0.163077,24][0]
[10,0.124102,24][0]
[11,0.0893295,24][0]
[12,0.060605,24][0]
[13,0.0386667,24][0]
[14,0.0231609,24][0]
[15,0.013007,24][0]
[16,0.00684047,24][0]
[17,0.00336524,24][0]
[18,0.00154708,24][0]
[19,0.000663941,24][0]
[20,0.000265705,24][0]
[21,9.90466e-05,24][0]
[22,3.435e-05,24][1]
[23,1.10686e-05,24][1]
[24,3.30912e-06,24][0]
[25,9.16417e-07,24][0]
[26,2.34669e-07,24][0]
[27,5.54526e-08,24][0]
[28,1.20643e-08,24][0]
[29,2.41027e-09,24][0]
[30,4.40999e-10,24][0]
[31,7.46122e-11,24][0]
[32,1.87635e-11,24][0]
[-32,0.715885,23][0]
[-31,0.723975,23][0]
[-30,0.727029,23][0]
[-29,0.729494,23][0]
[-28,0.719326,23][1]
[-27,0.684171,23][1]
[-26,0.621858,23][0]
[-25,0.542612,23][0]
[-24,0.477843,23][1]
[-23,0.452265,23][1]
[-22,0.481944,23][1]
[-21,0.566206,23][0]
[-20,0.695694,23][0]
[-19,0.866211,23][0]
[-18,1.08327,23][0]
[-17,1.37231,23][1]
[-16,1.7639,23][1]
[-15,2.27257,23][0]
[-14,2.88479,23][0]
[-13,3.55248,23][0]
[-12,4.21037,23][0]
[-11,4.7991,23][0]
[-10,5.28311,23][0]
[-9,5.65373,23][0]
[-8,5.91991,23][0]
[-7,6.11219,23][0]
[-6,6.06839,23][1]
[-5,6.03676,23][1]
[-4,5.58302,23][0]
[-3,4.39249,23][0]
[-2,3.23382,23][0]
[-1,2.3231,23][0]
[0,1.63128,23][0]
[1,1.11748,23][0]
[2,0.758646,23][0]
[3,0.526438,23][1]
[4,0.386209,23][1]
[5,0.303876,23][1]
[6,0.252001,23][1]
[7,0.212559,23][0]
[8,0.17646,23][0]
[9,0.141097,23][0]
[10,0.107379,23][0]
[11,0.0772991,23][0]
[12,0.0524542,23][0]
[13,0.0334759,23][0]
[14,0.0200563,23][0]
[15,0.0112646,23][0]
[16,0.00592405,23][0]
[17,0.00291417,23][0]
[18,0.00133961,23][0]
[19,0.00057488,23][0]
[20,0.000230073,23][0]
[21,8.57758e-05,23][0]
[22,2.9755e-05,23][1]
[23,9.59148e-06,23][1]
[24,2.86889e-06,23][0]
[25,7.94968e-07,23][0]
[26,2.03708e-07,23][0]
[27,4.81735e-08,23][0]
[28,1.04894e-08,23][0]
[29,2.0975e-09,23][0]
[30,3.8413e-10,23][0]
[31,6.50549e-11,23][0]
[32,1.63775e-11,23][0]
[-32,0.762024,22][0]
[-31,0.77318,22][0]
[-30,0.778299,22][0]
[-29,0.782886,22][0]
[-28,0.76668,22][1]
[-27,0.709644,22][1]
[-26,0.603272,22][0]
[-25,0.47508,22][0]
[-24,0.363274,22][0]
[-23,0.315006,22][1]
[-22,0.333859,22][1]
[-21,0.417381,22][1]
[-20,0.566434,22][1]
[-19,0.769672,22][0]
[-18,1.02419,22][0]
[-17,1.34175,22][1]
[-16,1.73935,22][1]
[-15,2.24784,22][1]
[-14,2.86585,22][1]
[-13,3.55145,22][0]
[-12,4.23442,22][0]
[-11,4.84906,22][0]
[-10,5.35301,22][0]
[-9,5.73003,22][0]
[-8,5.98333,22][0]
[-7,6.15176,22][0]
[-6,6.0926,22][1]
[-5,6.53141,22][1]
[-4,6.0811,22][0]
[-3,4.41529,22][0]
[-2,3.24613,22][0]
[-1,2.32196,22][0]
[0,1.61434,22][0]
[1,1.08692,22][0]
[2,0.718601,22][0]
[3,0.481541,22][1]
[4,0.340579,22][1]
[5,0.260472,22][1]
[6,0.212469,22][1]
[7,0.177594,22][0]
[8,0.146387,22][0]
[9,0.116218,22][0]
[10,0.0878867,22][0]
[11,0.062996,22][0]
[12,0.0426646,22][0]
[13,0.0272177,22][0]
[14,0.0163116,22][0]
[15,0.00916554,22][0]
[16,0.00482239,22][0]
[17,0.00237339,22][0]
[18,0.00109161,22][0]
[19,0.000468764,22][0]
[20,0.000187754,22][0]
[21,7.00656e-05,22][0]
[22,2.43327e-05,22][1]
[23,7.85377e-06,22][1]
[24,2.35257e-06,22][0]
[25,6.52946e-07,22][0]
[26,1.67608e-07,22][0]
[27,3.97107e-08,22][0]
[28,8.66374e-09,22][0]
[29,1.73599e-09,22][0]
[30,3.18598e-10,22][0]
[31,5.40766e-11,22][0]
[32,1.36459e-11,22][0]
[-32,0.808278,21][0]
[-31,0.824083,21][0]
[-30,0.832431,21][0]
[-29,0.83971,21][0]
[-28,0.812611,21][1]
[-27,0.717129,21][1]
[-26,0.559997,21][0]
[-25,0.384987,21][0]
[-24,0.265368,21][0]
[-23,0.212627,21][0]
[-22,0.215976,21][0]
[-21,0.268971,21][1]
[-20,0.379701,21][1]
[-19,0.566687,21][1]
[-18,0.837873,21][1]
[-17,1.16652,21][0]
[-16,1.57462,21][0]
[-15,2.09337,21][1]
[-14,2.74164,21][1]
[-13,3.47002,21][0]
[-12,4.19755,21][0]
[-11,4.84785,21][0]
[-10,5.37771,21][0]
[-9,5.76804,21][0]
[-8,6.02146,21][0]
[-7,6.17799,21][0]
[-6,6.08762,21][1]
[-5,6.40053,21][1]
[-4,5.94784,21][0]
[-3,4.39839,21][0]
[-2,3.24147,21][0]
[-1,2.30743,21][0]
[0,1.58661,21][0]
[1,1.04861,21][0]
[2,0.674415,21][0]
[3,0.436378,21][1]
[4,0.298378,21][1]
[5,0.223242,21][1]
[6,0.180071,21][1]
[7,0.148723,21][0]
[8,0.120169,21][0]
[9,0.093021,21][0]
[10,0.0687327,21][0]
[11,0.0485189,21][0]
[12,0.0326248,21][0]
[13,0.0207699,21][0]
[14,0.0124489,21][0]
[15,0.00700053,21][0]
[16,0.00368673,21][0]
[17,0.0018163,21][0]
[18,0.000836339,21][0]
[19,0.000359607,21][0]
[20,0.000144247,21][0]
[21,5.39209e-05,21][0]
[22,1.87616e-05,21][0]
[23,6.06853e-06,21][0]
[24,1.82205e-06,21][0]
[25,5.06986e-07,21][0]
[26,1.30494e-07,21][0]
[27,3.1006e-08,21][0]
[28,6.78492e-09,21][0]
[29,1.36375e-09,21][0]
[30,2.51083e-10,21][0]
[31,4.27602e-11,21][0]
[32,1.08287e-11,21][0]
[-32,0.84905,20][0]
[-31,0.869219,20][0]
[-30,0.880572,20][0]
[-29,0.890158,20][0]
[-28,0.850537,20][0]
[-27,0.720053,20][1]
[-26,0.518316,20][1]
[-25,0.341185,20][0]
[-24,0.244591,20][0]
[-23,0.211223,20][0]
[-22,0.197496,20][0]
[-21,0.194401,20][0]
[-20,0.233911,20][1]
[-19,0.354453,20][1]
[-18,0.561579,20][1]
[-17,0.853656,20][1]
[-16,1.22688,20][0]
[-15,1.75473,20][0]
[-14,2.45499,20][0]
[-13,3.2713,20][0]
[-12,4.07795,20][1]
[-11,4.39029,20][1]
[-10,4.95975,20][0]
[-9,5.77527,20][0]
[-8,6.04399,20][0]
[-7,6.20426,20][0]
[-6,6.30169,20][1]
[-5,6.68787,20][1]
[-4,6.02419,20][0]
[-3,4.38233,20][0]
[-2,3.22473,20][0]
[-1,2.28133,20][0]
[0,1.5486,20][0]
[1,1.00306,20][0]
[2,0.627466,20][0]
[3,0.393828,20][1]
[4,0.264216,20][1]
[5,0.198197,20][1]
[6,0.161179,20][1]
[7,0.131523,20][0]
[8,0.102054,20][0]
[9,0.0745649,20][0]
[10,0.0521927,20][0]
[11,0.0355374,20][0]
[12,0.0234909,20][0]
[13,0.0148753,20][0]
[14,0.00891216,20][0]
[15,0.00501696,20][0]
[16,0.00264582,20][0]
[17,0.00130549,20][0]
[18,0.000602146,20][0]
[19,0.000259397,20][0]
[20,0.00010427,20][0]
[21,3.90688e-05,20][1]
[22,1.36295e-05,20][1]
[23,4.42119e-06,20][0]
[24,1.3316e-06,20][0]
[25,3.71767e-07,20][0]
[26,9.60328e-08,20][0]
[27,2.29041e-08,20][0]
[28,5.03179e-09,20][0]
[29,1.01551e-09,20][0]
[30,1.87753e-10,20][0]
[31,3.21158e-11,20][0]
[32,8.17107e-12,20][0]
[-32,0.878272,19][0]
[-31,0.901324,19][0]
[-30,0.914936,19][0]
[-29,0.92747,19][0]
[-28,0.886238,19][0]
[-27,0.74424,19][1]
[-26,0.541393,19][1]
[-25,0.382101,19][0]
[-24,0.312299,19][0]
[-23,0.28934,19][0]
[-22,0.248181,19][0]
[-21,0.194032,19][0]
[-20,0.170372,19][0]
[-19,0.206862,19][0]
[-18,0.316778,19][1]
[-17,0.497985,19][1]
[-16,0.787583,19][1]
[-15,1.26515,19][1]
[-14,2.01365,19][1]
[-13,2.93046,19][1]
[-12,4.27242,19][1]
[-11,4.68524,19][1]
[-10,4.91583,19][0]
[-9,5.76125,19][0]
[-8,6.05121,19][0]
[-7,6.22836,19][0]
[-6,6.02528,19][1]
[-5,6.59192,19][1]
[-4,6.20937,19][0]
[-3,4.36018,19][0]
[-2,3.19738,19][0]
[-1,2.24324,19][0]
[0,1.50031,19][0]
[1,0.950769,19][0]
[2,0.578434,19][1]
[3,0.354088,19][1]
[4,0.237335,19][1]
[5,0.183416,19][0]
[6,0.153171,19][0]
[7,0.123555,19][0]
[8,0.0906174,19][0]
[9,0.0607811,19][0]
[10,0.0389771,19][0]
[11,0.0249155,19][0]
[12,0.0159593,19][0]
[13,0.0100018,19][0]
[14,0.00598397,19][0]
[15,0.00337283,19][0]
[16,0.00178205,19][0]
[17,0.000881095,19][0]
[18,0.000407296,19][0]
[19,0.000175884,19][0]
[20,7.08891e-05,19][1]
[21,2.664e-05,19][1]
[22,9.32383e-06,19][1]
[23,3.03526e-06,19][0]
[24,9.17696e-07,19][0]
[25,2.57267e-07,19][0]
[26,6.67474e-08,19][0]
[27,1.5993e-08,19][0]
[28,3.53044e-09,19][0]
[29,7.16066e-10,19][0]
[30,1.33071e-10,19][0]
[31,2.28854e-11,19][0]
[32,5.85597e-12,19][0]
[-32,0.890524,18][0]
[-31,0.91432,18][0]
[-30,0.928983,18][0]
[-29,0.945608,18][0]
[-28,0.915948,18][0]
[-27,0.801827,18][0]
[-26,0.631453,18][1]
[-25,0.492743,18][1]
[-24,0.419458,18][0]
[-23,0.358548,18][0]
[-22,0.282805,18][0]
[-21,0.205093,18][0]
[-20,0.15331,18][0]
[-19,0.138598,18][0]
[-18,0.166122,18][0]
[-17,0.24439,18][0]
[-16,0,18][1]
[-15,0,18][1]
[-14,1.47823,18][1]
[-13,2.49894,18][1]
[-12,4.81375,18][0]
[-11,5.98725,18][1]
[-10,5.48478,18][1]
[-9,5.74259,18][0]
[-8,6.03997,18][0]
[-7,6.23662,18][0]
[-6,6.03669,18][1]
[-5,6.28381,18][1]
[-4,5.87939,18][0]
[-3,4.32406,18][0]
[-2,3.15983,18][0]
[-1,2.19618,18][0]
[0,1.4456,18][0]
[1,0.895641,18][1]
[2,0.029723,18][1]
[3,-0.183817,18][1]
[4,0.211756,18][0]
[5,0.168346,18][0]
[6,0.143578,18][0]
[7,0.114203,18][0]
[8,0.0795186,18][0]
[9,0.0490228,18][0]
[10,0.0284631,18][0]
[11,0.0167447,18][0]
[12,0.0102428,18][0]
[13,0.00631569,18][0]
[14,0.00376851,18][0]
[15,0.00212708,18][0]
[16,0.00112643,18][0]
[17,0.000558337,18][0]
[18,0.000258793,18][0]
[19,0.000112081,18][0]
[20,4.53177e-05,18][1]
[21,1.70898e-05,18][1]
[22,6.00414e-06,18][0]
[23,1.96269e-06,18][0]
[24,5.96077e-07,18][0]
[25,1.67909e-07,18][0]
[26,4.37868e-08,18][0]
[27,1.05481e-08,18][0]
[28,2.34163e-09,18][0]
[29,4.77722e-10,18][0]
[30,8.93135e-11,18][0]
[31,1.54577e-11,18][0]
[32,3.98202e-12,18][0]
[-32,0.88214,17][0]
[-31,0.904353,17][0]
[-30,0.918345,17][0]
[-29,0.937191,17][0]
[-28,0.92487,17][0]
[-27,0.85047,17][1]
[-26,0.728108,17][1]
[-25,0.597818,17][1]
[-24,0.479708,17][0]
[-23,0.368101,17][0]
[-22,0.261143,17][0]
[-21,0.180699,17][0]
[-20,0.13505,17][0]
[-19,0.116622,17][0]
[-18,0.111622,17][0]
[-17,0.128818,17][0]
[-16,0,17][0]
[-15,0,17][0]
[-14,0,17][1]
[-13,1.99534,17][1]
[-12,4.14745,17][0]
[-11,5.65088,17][1]
[-10,5.59572,17][1]
[-9,5.71844,17][0]
[-8,6.0143,17][0]
[-7,6.21927,17][0]
[-6,6.02377,17][1]
[-5,6.54467,17][1]
[-4,6.12898,17][0]
[-3,4.28639,17][0]
[-2,3.11986,17][0]
[-1,2.14762,17][0]
[0,1.39249,17][0]
[1,0.545015,17][1]
[2,-0.413885,17][1]
[3,-0.319522,17][1]
[4,0.182294,17][1]
[5,0.142812,17][0]
[6,0.120674,17][0]
[7,0.0942383,17][0]
[8,0.0633504,17][0]
[9,0.0368307,17][0]
[10,0.0197196,17][0]
[11,0.010688,17][0]
[12,0.0062006,17][0]
[13,0.00374566,17][0]
[14,0.00222667,17][0]
[15,0.00125873,17][0]
[16,0.000668354,17][0]
[17,0.000332247,17][0]
[18,0.000154474,17][0]
[19,6.71234e-05,17][1]
[20,2.72377e-05,17][1]
[21,1.0312e-05,17][0]
[22,3.63845e-06,17][0]
[23,1.19492e-06,17][0]
[24,3.64736e-07,17][0]
[25,1.033e-07,17][0]
[26,2.70939e-08,17][0]
[27,6.56671e-09,17][0]
[28,1.4671e-09,17][0]
[29,3.01299e-10,17][0]
[30,5.67173e-11,17][0]
[31,9.88753e-12,17][0]
[32,2.56678e-12,17][0]
[-32,0.852063,16][0]
[-31,0.870734,16][0]
[-30,0.882029,16][0]
[-29,0.898281,16][0]
[-28,0.893753,16][0]
[-27,0.845722,16][1]
[-26,0.748495,16][1]
[-25,0.615348,16][0]
[-24,0.466752,16][0]
[-23,0.324459,16][0]
[-22,0.212077,16][0]
[-21,0.144234,16][0]
[-20,0.117718,16][0]
[-19,0.111332,16][0]
[-18,0.108085,16][0]
[-17,0.102326,16][0]
[-16,0,16][0]
[-15,0,16][0]
[-14,0,16][1]
[-13,0,16][1]
[-12,3.01591,16][1]
[-11,4.85578,16][1]
[-10,5.50725,16][1]
[-9,5.54784,16][0]
[-8,5.99731,16][0]
[-7,6.19003,16][0]
[-6,5.98705,16][0]
[-5,6.51396,16][1]
[-4,6.10473,16][1]
[-3,4.26065,16][0]
[-2,3.08558,16][0]
[-1,2.10474,16][0]
[0,1.34802,16][1]
[1,0.504973,16][1]
[2,0.051929,16][0]
[3,0.149399,16][1]
[4,0.150198,16][1]
[5,0.107891,16][0]
[6,0.085943,16][0]
[7,0.0650954,16][0]
[8,0.0428326,16][0]
[9,0.0242189,16][0]
[10,0.0123899,16][0]
[11,0.006341,16][0]
[12,0.00351855,16][0]
[13,0.0020852,16][0]
[14,0.00123534,16][0]
[15,0.00069959,16][0]
[16,0.000372544,16][0]
[17,0.000185774,16][0]
[18,8.66578e-05,16][0]
[19,3.77887e-05,16][1]
[20,1.53932e-05,16][1]
[21,5.85235e-06,16][0]
[22,2.07448e-06,16][0]
[23,6.84737e-07,16][0]
[24,2.10157e-07,16][0]
[25,5.98733e-08,16][0]
[26,1.58035e-08,16][0]
[27,3.85608e-09,16][0]
[28,8.67611e-10,16][0]
[29,1.795e-10,16][0]
[30,3.40488e-11,16][0]
[31,5.98404e-12,16][0]
[32,1.56692e-12,16][0]
[-32,0.80208,15][0]
[-31,0.816187,15][0]
[-30,0.823354,15][0]
[-29,0.831798,15][0]
[-28,0.822325,15][1]
[-27,0.775149,15][1]
[-26,0.681306,15][1]
[-25,0.549117,15][0]
[-24,0.403063,15][0]
[-23,0.274386,15][0]
[-22,0.186476,15][0]
[-21,0.143231,15][0]
[-20,0.128848,15][0]
[-19,0.123372,15][0]
[-18,0.114783,15][0]
[-17,0.099761,15][0]
[-16,0.0804961,15][0]
[-15,0,15][0]
[-14,0,15][1]
[-13,0,15][1]
[-12,0,15][1]
[-11,5.22952,15][0]
[-10,6.01919,15][1]
[-9,5.4623,15][1]
[-8,6.07254,15][0]
[-7,6.16747,15][0]
[-6,6.23342,15][0]
[-5,6.58761,15][1]
[-4,5.90322,15][1]
[-3,4.25135,15][0]
[-2,3.06089,15][0]
[-1,2.06902,15][1]
[0,1.31095,15][1]
[1,0.774194,15][1]
[2,0.426499,15][0]
[3,0.224519,15][0]
[4,0.121107,15][0]
[5,0.0738347,15][0]
[6,0.0513479,15][0]
[7,0.0363111,15][0]
[8,0.023371,15][0]
[9,0.0131553,15][0]
[10,0.00669602,15][0]
[11,0.00337966,15][0]
[12,0.00184726,15][0]
[13,0.00108758,15][0]
[14,0.000644602,15][0]
[15,0.000366028,15][0]
[16,0.000195487,15][0]
[17,9.77682e-05,15][0]
[18,4.5747e-05,15][1]
[19,2.00165e-05,15][1]
[20,8.18452e-06,15][0]
[21,3.12482e-06,15][0]
[22,1.11288e-06,15][0]
[23,3.69261e-07,15][0]
[24,1.13986e-07,15][0]
[25,3.26789e-08,15][0]
[26,8.68419e-09,15][0]
[27,2.13435e-09,15][0]
[28,4.8392e-10,15][0]
[29,1.00926e-10,15][0]
[30,1.93054e-11,15][0]
[31,3.42333e-12,15][0]
[32,9.04996e-13,15][0]
[-32,0.736254,14][0]
[-31,0.746058,14][0]
[-30,0.749022,14][0]
[-29,0.748245,14][0]
[-28,0.727465,14][1]
[-27,0.671345,14][1]
[-26,0.576143,14][0]
[-25,0.455988,14][0]
[-24,0.339059,14][0]
[-23,0.253104,14][0]
[-22,0.208371,14][0]
[-21,0.191296,14][0]
[-20,0.176929,14][0]
[-19,0.15069,14][0]
[-18,0.118725,14][0]
[-17,0.0927298,14][0]
[-16,0.0670687,14][0]
[-15,0,14][0]
[-14,0,14][1]
[-13,0,14][1]
[-12,0,14][1]
[-11,4.80141,14][0]
[-10,6.24092,14][1]
[-9,5.90837,14][1]
[-8,6.20088,14][0]
[-7,6.18719,14][0]
[-6,5.7672,14][0]
[-5,6.53494,14][1]
[-4,6.79629,14][1]
[-3,4.76276,14][0]
[-2,3.05029,14][0]
[-1,2.02686,14][1]
[0,1.36916,14][1]
[1,1.04222,14][0]
[2,0.602409,14][0]
[3,0.20309,14][0]
[4,0.0979512,14][0]
[5,0.0480673,14][0]
[6,0.0259053,14][0]
[7,0.0154083,14][0]
[8,0.00930059,14][0]
[9,0.00528867,14][0]
[10,0.00282661,14][0]
[11,0.0015182,14][0]
[12,0.000872883,14][0]
[13,0.000528713,14][0]
[14,0.000317372,14][0]
[15,0.000181197,14][0]
[16,9.70319e-05,14][0]
[17,4.86216e-05,14][0]
[18,2.27967e-05,14][1]
[19,9.99903e-06,14][1]
[20,4.10082e-06,14][0]
[21,1.5714e-06,14][0]
[22,5.62071e-07,14][0]
[23,1.87439e-07,14][0]
[24,5.81921e-08,14][0]
[25,1.67902e-08,14][0]
[26,4.49334e-09,14][0]
[27,1.11279e-09,14][0]
[28,2.54365e-10,14][0]
[29,5.35093e-11,14][0]
[30,1.03283e-11,14][0]
[31,1.8493e-12,14][0]
[32,4.94e-13,14][0]
[-32,0.659738,13][0]
[-31,0.666623,13][0]
[-30,0.666808,13][0]
[-29,0.659871,13][0]
[-28,0.631835,13][1]
[-27,0.571856,13][1]
[-26,0.482631,13][0]
[-25,0.384168,13][0]
[-24,0.305465,13][0]
[-23,0.266235,13][0]
[-22,0.261029,13][0]
[-21,0.260741,13][0]
[-20,0.234642,13][0]
[-19,0.176973,13][0]
[-18,0.113253,13][0]
[-17,0.0740625,13][0]
[-16,0.056632,13][0]
[-15,0.0365487,13][0]
[-14,0.0518226,13][0]
[-13,0,13][1]
[-12,0,13][1]
[-11,4.0066,13][0]
[-10,6.28689,13][1]
[-9,6.22473,13][1]
[-8,6.13257,13][0]
[-7,6.21011,13][0]
[-6,5.7366,13][1]
[-5,5.96225,13][1]
[-4,6.57585,13][1]
[-3,5.07882,13][0]
[-2,2.99579,13][0]
[-1,1.95063,13][0]
[0,1.30369,13][1]
[1,0.994433,13][1]
[2,0.569142,13][0]
[3,0.178942,13][0]
[4,0.0780762,13][0]
[5,0.0300231,13][0]
[6,0.00992765,13][0]
[7,0.00289342,13][0]
[8,0.000991941,13][0]
[9,0.000629714,13][0]
[10,0.000545734,13][0]
[11,0.000453738,13][0]
[12,0.000342665,13][0]
[13,0.000235653,13][0]
[14,0.000148175,13][0]
[15,8.57473e-05,13][0]
[16,4.60286e-05,13][0]
[17,2.30512e-05,13][0]
[18,1.07991e-05,13][1]
[19,4.73604e-06,13][1]
[20,1.94394e-06,13][0]
[21,7.46308e-07,13][0]
[22,2.67742e-07,13][0]
[23,8.96501e-08,13][0]
[24,2.7975e-08,13][0]
[25,8.12075e-09,13][0]
[26,2.1884e-09,13][0]
[27,5.46174e-10,13][0]
[28,1.25904e-10,13][0]
[29,2.67265e-11,13][0]
[30,5.20843e-12,13][0]
[31,9.42308e-13,13][0]
[32,2.54558e-13,13][0]
[-32,0.577514,12][0]
[-31,0.583351,12][0]
[-30,0.582917,12][0]
[-29,0.575358,12][0]
[-28,0.54868,12][1]
[-27,0.495193,12][1]
[-26,0.421006,12][1]
[-25,0.347681,12][0]
[-24,0.301332,12][0]
[-23,0.293505,12][0]
[-22,0.308102,12][0]
[-21,0.308618,12][0]
[-20,0.264959,12][0]
[-19,0.180117,12][0]
[-18,0.0922085,12][0]
[-17,0.042554,12][0]
[-16,0.0353516,12][0]
[-15,0.0463309,12][0]
[-14,0.0746789,12][0]
[-13,0.281585,12][1]
[-12,0.980573,12][1]
[-11,3.04189,12][0]
[-10,6.1358,12][1]
[-9,6.72117,12][1]
[-8,6.63255,12][1]
[-7,6.94629,12][1]
[-6,6.68729,12][1]
[-5,6.61991,12][1]
[-4,6.525,12][0]
[-3,4.98582,12][0]
[-2,2.80557,12][0]
[-1,1.80107,12][0]
[0,1.09603,12][1]
[1,0.620153,12][1]
[2,0.11993,12][0]
[3,-0.35249,12][0]
[4,-0.742285,12][0]
[5,-0.48412,12][0]
[6,-0.000344487,12][0]
[7,-0.00427059,12][0]
[8,-0.00349608,12][0]
[9,-0.00183338,12][0]
[10,-0.000657313,12][0]
[11,-0.000103114,12][0]
[12,7.26393e-05,12][0]
[13,9.08417e-05,12][0]
[14,6.59064e-05,12][0]
[15,3.95179e-05,12][0]
[16,2.12883e-05,12][0]
[17,1.06055e-05,12][0]
[18,4.93544e-06,12][1]
[19,2.15194e-06,12][1]
[20,8.79586e-07,12][1]
[21,3.36907e-07,12][0]
[22,1.20823e-07,12][0]
[23,4.05179e-08,12][0]
[24,1.2685e-08,12][0]
[25,3.70017e-09,12][0]
[26,1.00336e-09,12][0]
[27,2.52276e-10,12][0]
[28,5.8646e-11,12][0]
[29,1.25649e-11,12][0]
[30,2.4732e-12,12][0]
[31,4.52377e-13,12][0]
[32,1.23676e-13,12][0]
[-32,0.493623,11][0]
[-31,0.499961,11][0]
[-30,0.500783,11][0]
[-29,0.497437,11][0]
[-28,0.479536,11][1]
[-27,0.440708,11][1]
[-26,0.386664,11][1]
[-25,0.33576,11][0]
[-24,0.308347,11][0]
[-23,0.30994,11][0]
[-22,0.321625,11][0]
[-21,0.309504,11][0]
[-20,0.250147,11][0]
[-19,0.152882,11][0]
[-18,0.0580522,11][0]
[-17,0.00707278,11][0]
[-16,0.00765674,11][0]
[-15,0.0345073,11][0]
[-14,0.0974456,11][0]
[-13,0.287868,11][1]
[-12,0.815737,11][1]
[-11,2.57243,11][0]
[-10,5.23913,11][0]
[-9,6.66273,11][1]
[-8,6.74921,11][1]
[-7,7.14111,11][1]
[-6,6.81927,11][1]
[-5,6.43585,11][0]
[-4,5.94355,11][0]
[-3,4.10235,11][0]
[-2,2.4008,11][0]
[-1,1.54508,11][0]
[0,0.835578,11][0]
[1,0.117947,11][0]
[2,-0.243696,11][0]
[3,-0.390029,11][0]
[4,-0.763477,11][0]
[5,-0.496103,11][0]
[6,-0.0073388,11][0]
[7,-0.00837569,11][0]
[8,-0.00579267,11][0]
[9,-0.00301766,11][0]
[10,-0.0012227,11][0]
[11,-0.0003653,11][0]
[12,-5.48053e-05,11][0]
[13,2.30436e-05,11][0]
[14,2.77857e-05,11][0]
[15,1.82266e-05,11][0]
[16,9.91955e-06,11][0]
[17,4.88637e-06,11][0]
[18,2.23718e-06,11][0]
[19,9.59881e-07,11][1]
[20,3.8691e-07,11][1]
[21,1.46585e-07,11][0]
[22,5.21718e-08,11][0]
[23,1.74225e-08,11][0]
[24,5.44892e-09,11][0]
[25,1.59229e-09,11][0]
[26,4.33587e-10,11][0]
[27,1.09692e-10,11][0]
[28,2.56986e-11,11][0]
[29,5.55601e-12,11][0]
[30,1.10471e-12,11][0]
[31,2.04366e-13,11][0]
[32,5.65774e-14,11][0]
[-32,0.41109,10][0]
[-31,0.418618,10][0]
[-30,0.421575,10][0]
[-29,0.424705,10][0]
[-28,0.418897,10][1]
[-27,0.397758,10][1]
[-26,0.364027,10][0]
[-25,0.32996,10][0]
[-24,0.309086,10][0]
[-23,0.303674,10][0]
[-22,0.298495,10][0]
[-21,0.269249,10][0]
[-20,0.202141,10][0]
[-19,0.109335,10][0]
[-18,0.0253263,10][0]
[-17,-0.0172946,10][0]
[-16,-0.0140538,10][0]
[-15,0.0173204,10][0]
[-14,0.080673,10][0]
[-13,0.234208,10][1]
[-12,0.524962,10][1]
[-11,1.90256,10][0]
[-10,2.9802,10][0]
[-9,4.39935,10][0]
[-8,6.43142,10][0]
[-7,5.83451,10][0]
[-6,4.75924,10][0]
[-5,4.53647,10][0]
[-4,3.6837,10][0]
[-3,2.57392,10][0]
[-2,1.99079,10][0]
[-1,1.88794,10][0]
[0,1.62719,10][1]
[1,1.09647,10][1]
[2,0.786889,10][1]
[3,0.672265,10][0]
[4,0.317421,10][0]
[5,-0.0051259,10][0]
[6,-0.0113778,10][0]
[7,-0.0101311,10][0]
[8,-0.0065558,10][0]
[9,-0.00336164,10][0]
[10,-0.00138946,10][0]
[11,-0.000453683,10][0]
[12,-0.000105129,10][0]
[13,-6.51068e-06,10][0]
[14,1.06083e-05,10][0]
[15,8.62739e-06,10][0]
[16,4.83719e-06,10][0]
[17,2.35146e-06,10][0]
[18,1.04873e-06,10][0]
[19,4.36828e-07,10][1]
[20,1.71053e-07,10][1]
[21,6.31525e-08,10][0]
[22,2.20063e-08,10][0]
[23,7.23439e-09,10][0]
[24,2.23974e-09,10][0]
[25,6.5124e-10,10][0]
[26,1.77235e-10,10][0]
[27,4.49749e-11,10][0]
[28,1.05988e-11,10][0]
[29,2.30992e-12,10][0]
[30,4.63758e-13,10][0]
[31,8.67736e-14,10][0]
[32,2.43351e-14,10][0]
[-32,0.332332,9][0]
[-31,0.340821,9][0]
[-30,0.345715,9][0]
[-29,0.354814,9][0]
[-28,0.360162,9][1]
[-27,0.354962,9][1]
[-26,0.338371,9][0]
[-25,0.316223,9][0]
[-24,0.295939,9][0]
[-23,0.278694,9][0]
[-22,0.25577,9][0]
[-21,0.214267,9][0]
[-20,0.149341,9][0]
[-19,0.0729832,9][0]
[-18,0.0100911,9][0]
[-17,-0.0182659,9][0]
[-16,-0.0114171,9][0]
[-15,0.0146598,9][0]
[-14,0.0526518,9][0]
[-13,0.114506,9][1]
[-12,0.264163,9][1]
[-11,0.330482,9][1]
[-10,0.709574,9][1]
[-9,1.98786,9][1]
[-8,3.57372,9][0]
[-7,2.85837,9][0]
[-6,2.00471,9][0]
[-5,2.27107,9][0]
[-4,1.83296,9][1]
[-3,1.50793,9][1]
[-2,1.32584,9][1]
[-1,1.48919,9][1]
[0,1.49986,9][1]
[1,1.37214,9][1]
[2,1.02241,9][1]
[3,0.640808,9][0]
[4,0.303559,9][0]
[5,-0.0100907,9][0]
[6,-0.0123791,9][0]
[7,-0.0098148,9][0]
[8,-0.00609123,9][0]
[9,-0.00308249,9][0]
[10,-0.00128205,9][0]
[11,-0.000432982,9][0]
[12,-0.000112529,9][0]
[13,-1.72969e-05,9][0]
[14,2.91254e-06,9][0]
[15,4.16836e-06,9][0]
[16,2.50865e-06,9][0]
[17,1.2181e-06,9][0]
[18,5.29383e-07,9][0]
[19,2.12392e-07,9][1]
[20,7.96643e-08,9][1]
[21,2.81426e-08,9][0]
[22,9.41049e-09,9][0]
[23,2.98659e-09,9][0]
[24,8.99764e-10,9][0]
[25,2.5676e-10,9][0]
[26,6.9128e-11,9][0]
[27,1.74713e-11,9][0]
[28,4.1226e-12,9][0]
[29,9.03231e-13,9][0]
[30,1.82823e-13,9][0]
[31,3.45731e-14,9][0]
[32,9.81976e-15,9][0]
[-32,0.259567,8][0]
[-31,0.268214,8][0]
[-30,0.274159,8][0]
[-29,0.286933,8][0]
[-28,0.299821,8][0]
[-27,0.306028,8][1]
[-26,0.302099,8][1]
[-25,0.289003,8][0]
[-24,0.269793,8][0]
[-23,0.245538,8][0]
[-22,0.213382,8][0]
[-21,0.169446,8][0]
[-20,0.114909,8][0]
[-19,0.0598528,8][0]
[-18,0.0200949,8][0]
[-17,0.00730394,8][0]
[-16,0.0194892,8][0]
[-15,0.0422541,8][0]
[-14,0.0558484,8][0]
[-13,0.0471775,8][0]
[-12,0.0433595,8][1]
[-11,-0.672733,8][1]
[-10,-0.737843,8][1]
[-9,0.032445,8][1]
[-8,0.261044,8][0]
[-7,0.434484,8][1]
[-6,0.564537,8][1]
[-5,0.689239,8][1]
[-4,0.729596,8][1]
[-3,0.68517,8][1]
[-2,0.58355,8][1]
[-1,0.449134,8][1]
[0,0.299263,8][0]
[1,0.165636,8][0]
[2,0.0716939,8][0]
[3,0.019368,8][0]
[4,-0.00379275,8][0]
[5,-0.0110413,8][0]
[6,-0.010932,8][0]
[7,-0.00804949,8][0]
[8,-0.00483715,8][0]
[9,-0.0024218,8][0]
[10,-0.00101261,8][0]
[11,-0.000350368,8][0]
[12,-9.70966e-05,8][0]
[13,-1.8968e-05,8][0]
[14,-5.40403e-07,8][0]
[15,1.90681e-06,8][0]
[16,1.33648e-06,8][0]
[17,6.70271e-07,8][0]
[18,2.89615e-07,8][1]
[19,1.13064e-07,8][1]
[20,4.06384e-08,8][0]
[21,1.36103e-08,8][0]
[22,4.29049e-09,8][0]
[23,1.28397e-09,8][0]
[24,3.66887e-10,8][0]
[25,1.00304e-10,8][0]
[26,2.61832e-11,8][0]
[27,6.49122e-12,8][0]
[28,1.51731e-12,8][0]
[29,3.31785e-13,8][0]
[30,6.73799e-14,8][0]
[31,1.28331e-14,8][0]
[32,3.68129e-15,8][0]
[-32,0.194898,7][0]
[-31,0.202801,7][0]
[-30,0.208758,7][0]
[-29,0.222466,7][0]
[-28,0.238582,7][0]
[-27,0.251022,7][1]
[-26,0.255294,7][1]
[-25,0.249714,7][0]
[-24,0.234827,7][0]
[-23,0.211741,7][0]
[-22,0.181158,7][0]
[-21,0.144334,7][0]
[-20,0.105269,7][0]
[-19,0.0717269,7][0]
[-18,0.0530863,7][0]
[-17,0.0552297,7][0]
[-16,0.0756532,7][0]
[-15,0.102068,7][0]
[-14,0.113441,7][0]
[-13,0.0794105,7][0]
[-12,0.0155009,7][0]
[-11,-0.862649,7][0]
[-10,-1.26466,7][0]
[-9,-0.712693,7][0]
[-8,-0.204302,7][0]
[-7,0.20257,7][1]
[-6,0.22493,7][1]
[-5,0.254216,7][1]
[-4,0.280318,7][1]
[-3,0.293289,7][1]
[-2,0.282203,7][0]
[-1,0.23695,7][0]
[0,0.166566,7][0]
[1,0.0946296,7][0]
[2,0.0406076,7][0]
[3,0.00902332,7][0]
[4,-0.00504305,7][0]
[5,-0.00890507,7][0]
[6,-0.00805549,7][0]
[7,-0.00566343,7][0]
[8,-0.00331964,7][0]
[9,-0.00164879,7][0]
[10,-0.000694978,7][0]
[11,-0.000247095,7][0]
[12,-7.26882e-05,7][0]
[13,-1.65529e-05,7][0]
[14,-2.01232e-06,7][0]
[15,6.4475e-07,7][0]
[16,6.68439e-07,7][0]
[17,3.6894e-07,7][0]
[18,1.64754e-07,7][1]
[19,6.43889e-08,7][1]
[20,2.26337e-08,7][0]
[21,7.2673e-09,7][0]
[22,2.159e-09,7][0]
[23,6.01027e-10,7][0]
[24,1.58719e-10,7][0]
[25,4.01681e-11,7][0]
[26,9.79694e-12,7][0]
[27,2.30142e-12,7][0]
[28,5.17337e-13,7][0]
[29,1.10145e-13,7][0]
[30,2.19641e-14,7][0]
[31,4.12361e-15,7][0]
[32,1.16769e-15,7][0]
[-32,0.140038,6][0]
[-31,0.146558,6][0]
[-30,0.151736,6][0]
[-29,0.164202,6][0]
[-28,0.180019,6][0]
[-27,0.194354,6][0]
[-26,0.203013,6][1]
[-25,0.203533,6][1]
[-24,0.195424,6][0]
[-23,0.179737,6][0]
[-22,0.158594,6][0]
[-21,0.135217,6][0]
[-20,0.11425,6][0]
[-19,0.10157,6][0]
[-18,0.102942,6][0]
[-17,0.12159,6][0]
[-16,0.15561,6][0]
[-15,0.196917,6][0]
[-14,0.227836,6][0]
[-13,0.225751,6][0]
[-12,0.20837,6][0]
[-11,-0.072569,6][0]
[-10,-0.019257,6][0]
[-9,0.016024,6][0]
[-8,0.014033,6][0]
[-7,0.294549,6][0]
[-6,0.269961,6][0]
[-5,0.249975,6][0]
[-4,0.236875,6][0]
[-3,0.223891,6][0]
[-2,0.201148,6][0]
[-1,0.163412,6][0]
[0,0.114957,6][0]
[1,0.0678101,6][0]
[2,0.0318268,6][0]
[3,0.00972497,6][0]
[4,-0.00103752,6][0]
[5,-0.00457921,6][0]
[6,-0.00453519,6][0]
[7,-0.00324738,6][0]
[8,-0.00190919,6][0]
[9,-0.000954365,6][0]
[10,-0.000410109,6][0]
[11,-0.00015175,6][0]
[12,-4.80348e-05,6][0]
[13,-1.26367e-05,6][0]
[14,-2.42825e-06,6][0]
[15,-6.0636e-08,6][0]
[16,2.63433e-07,6][0]
[17,1.85512e-07,6][0]
[18,9.07859e-08,6][1]
[19,3.68437e-08,6][1]
[20,1.30183e-08,6][0]
[21,4.09055e-09,6][0]
[22,1.15761e-09,6][0]
[23,2.97914e-10,6][0]
[24,7.03117e-11,6][0]
[25,1.53319e-11,6][0]
[26,3.10401e-12,6][0]
[27,5.82635e-13,6][0]
[28,9.99001e-14,6][0]
[29,1.49802e-14,6][0]
[30,1.72609e-15,6][0]
[31,5.54697e-17,6][0]
[32,-7.22075e-17,6][0]
[-32,0.0959204,5][0]
[-31,0.100819,5][0]
[-30,0.10484,5][0]
[-29,0.114891,5][0]
[-28,0.128315,5][0]
[-27,0.141711,5][0]
[-26,0.151901,5][1]
[-25,0.156781,5][1]
[-24,0.155791,5][0]
[-23,0.149962,5][0]
[-22,0.141703,5][0]
[-21,0.134542,5][0]
[-20,0.132835,5][0]
[-19,0.141278,5][0]
[-18,0.164095,5][0]
[-17,0.203941,5][0]
[-16,0.260641,5][0]
[-15,0.329695,5][0]
[-14,0.400663,5][0]
[-13,0.461654,5][0]
[-12,0.513767,5][0]
[-11,0.562786,5][0]
[-10,0.605578,5][0]
[-9,0.62814,5][0]
[-8,0.619686,5][0]
[-7,0.582997,5][0]
[-6,0.527807,5][0]
[-5,0.464445,5][0]
[-4,0.399852,5][0]
[-3,0.334352,5][0]
[-2,0.266482,5][0]
[-1,0.198304,5][0]
[0,0.135291,5][0]
[1,0.0832013,5][0]
[2,0.0453108,5][0]
[3,0.0211388,5][0]
[4,0.00774983,5][0]
[5,0.00153673,5][0]
[6,-0.000637144,5][0]
[7,-0.000973495,5][0]
[8,-0.000712024,5][0]
[9,-0.000396829,5][0]
[10,-0.000185027,5][0]
[11,-7.47265e-05,5][0]
[12,-2.65131e-05,5][0]
[13,-8.23264e-06,5][0]
[14,-2.13643e-06,5][0]
[15,-3.7133e-07,5][0]
[16,3.23496e-08,5][0]
[17,7.13579e-08,5][0]
[18,4.29714e-08,5][1]
[19,1.87981e-08,5][1]
[20,6.72562e-09,5][0]
[21,2.02831e-09,5][0]
[22,5.12508e-10,5][0]
[23,1.0256e-10,5][0]
[24,1.248e-11,5][0]
[25,-1.44846e-12,5][0]
[26,-1.64407e-12,5][0]
[27,-7.13988e-13,5][0]
[28,-2.37728e-13,5][0]
[29,-6.79163e-14,5][0]
[30,-1.73016e-14,5][0]
[31,-4.08797e-15,5][0]
[32,-1.43665e-15,5][0]
[-32,0.0624629,4][0]
[-31,0.0658561,4][0]
[-30,0.0687133,4][0]
[-29,0.0761247,4][0]
[-28,0.0864722,4][0]
[-27,0.0976223,4][0]
[-26,0.107523,4][0]
[-25,0.114834,4][1]
[-24,0.119436,4][1]
[-23,0.12256,4][0]
[-22,0.126648,4][0]
[-21,0.135009,4][0]
[-20,0.151514,4][0]
[-19,0.180198,4][0]
[-18,0.224887,4][0]
[-17,0.289171,4][0]
[-16,0.376571,4][0]
[-15,0.488332,4][0]
[-14,0.62025,4][0]
[-13,0.76069,4][1]
[-12,0.894283,4][1]
[-11,1.00598,4][1]
[-10,1.08408,4][1]
[-9,1.11979,4][1]
[-8,1.10835,4][1]
[-7,1.05084,4][1]
[-6,0.955069,4][1]
[-5,0.833746,4][0]
[-4,0.699679,4][0]
[-3,0.563037,4][0]
[-2,0.431606,4][1]
[-1,0.312491,4][1]
[0,0.212127,4][0]
[1,0.134242,4][0]
[2,0.0788221,4][0]
[3,0.0426802,4][0]
[4,0.0211114,4][0]
[5,0.00941451,4][0]
[6,0.0037188,4][0]
[7,0.00126667,4][0]
[8,0.000350665,4][0]
[9,6.37613e-05,4][0]
[10,-4.80441e-06,4][0]
[11,-1.19961e-05,4][0]
[12,-7.50276e-06,4][0]
[13,-3.44348e-06,4][0]
[14,-1.28841e-06,4][0]
[15,-3.86484e-07,4][0]
[16,-8.03345e-08,4][0]
[17,-2.56152e-09,4][0]
[18,6.94053e-09,4][1]
[19,3.52724e-09,4][1]
[20,7.8599e-10,4][0]
[21,-1.54543e-10,4][0]
[22,-2.59352e-10,4][0]
[23,-1.62393e-10,4][0]
[24,-7.58227e-11,4][0]
[25,-2.98362e-11,4][0]
[26,-1.03622e-11,4][0]
[27,-3.24629e-12,4][0]
[28,-9.27368e-13,4][0]
[29,-2.42771e-13,4][0]
[30,-5.8371e-14,4][0]
[31,-1.31831e-14,4][0]
[32,-4.46318e-15,4][0]
[-32,0.0386316,3][0]
[-31,0.0408431,3][0]
[-30,0.0427637,3][0]
[-29,0.0479541,3][0]
[-28,0.0555599,3][0]
[-27,0.0643467,3][0]
[-26,0.0729548,3][0]
[-25,0.0806102,3][1]
[-24,0.0876939,3][1]
[-23,0.0959933,3][0]
[-22,0.108064,3][0]
[-21,0.126876,3][0]
[-20,0.155596,3][0]
[-19,0.197645,3][0]
[-18,0.256774,3][0]
[-17,0.338752,3][0]
[-16,0.455413,3][0]
[-15,0.623744,3][1]
[-14,0.849441,3][1]
[-13,1.12237,3][1]
[-12,1.40397,3][1]
[-11,1.64811,3][1]
[-10,1.81098,3][1]
[-9,1.87777,3][1]
[-8,1.86164,3][1]
[-7,1.77351,3][1]
[-6,1.61779,3][1]
[-5,1.39921,3][1]
[-4,1.14737,3][1]
[-3,0.899125,3][0]
[-2,0.676496,3][1]
[-1,0.487243,3][1]
[0,0.332142,3][0]
[1,0.213366,3][0]
[2,0.128833,3][0]
[3,0.0729546,3][0]
[4,0.0386053,3][0]
[5,0.018997,3][0]
[6,0.00864928,3][0]
[7,0.00362912,3][0]
[8,0.00139975,3][0]
[9,0.000494853,3][0]
[10,0.000159141,3][0]
[11,4.55671e-05,3][0]
[12,1.09557e-05,3][0]
[13,1.79468e-06,3][0]
[14,-9.53776e-08,3][0]
[15,-2.61554e-07,3][0]
[16,-1.59958e-07,3][0]
[17,-7.92406e-08,3][0]
[18,-3.81245e-08,3][1]
[19,-1.86908e-08,3][1]
[20,-9.14848e-09,3][0]
[21,-4.30612e-09,3][0]
[22,-1.90014e-09,3][0]
[23,-7.77277e-10,3][0]
[24,-2.93835e-10,3][0]
[25,-1.02657e-10,3][0]
[26,-3.3167e-11,3][0]
[27,-9.91141e-12,3][0]
[28,-2.73782e-12,3][0]
[29,-6.98093e-13,3][0]
[30,-1.64091e-13,3][0]
[31,-3.62635e-14,3][0]
[32,-1.20209e-14,3][0]
[-32,0.0227462,2][0]
[-31,0.0241638,2][0]
[-30,0.0254665,2][0]
[-29,0.0291529,2][0]
[-28,0.0348933,2][0]
[-27,0.0419307,2][0]
[-26,0.0489407,2][0]
[-25,0.0547912,2][1]
[-24,0.0603164,2][1]
[-23,0.068004,2][0]
[-22,0.0808947,2][0]
[-21,0.101161,2][0]
[-20,0.130821,2][0]
[-19,0.172286,2][0]
[-18,0.22903,2][0]
[-17,0.310121,2][0]
[-16,0.442604,2][0]
[-15,0.675976,2][1]
[-14,1.04776,2][1]
[-13,1.54198,2][1]
[-12,2.13128,2][0]
[-11,2.67049,2][0]
[-10,3.00629,2][0]
[-9,3.09549,2][0]
[-8,3.0421,2][0]
[-7,2.95526,2][0]
[-6,2.73738,2][0]
[-5,2.33407,2][1]
[-4,1.82452,2][1]
[-3,1.35307,2][0]
[-2,0.990572,2][0]
[-1,0.704667,2][0]
[0,0.481288,2][1]
[1,0.311414,2][1]
[2,0.190128,2][0]
[3,0.109337,2][0]
[4,0.0590718,2][0]
[5,0.0298727,2][0]
[6,0.0140798,2][0]
[7,0.0061626,2][0]
[8,0.00249936,2][0]
[9,0.000938528,2][0]
[10,0.000325791,2][0]
[11,0.000103765,2][0]
[12,2.95666e-05,2][0]
[13,6.95431e-06,2][0]
[14,9.09108e-07,2][0]
[15,-3.32202e-07,2][0]
[16,-3.90228e-07,2][0]
[17,-2.53476e-07,2][0]
[18,-1.39186e-07,2][1]
[19,-7.01385e-08,2][1]
[20,-3.31344e-08,2][0]
[21,-1.47175e-08,2][0]
[22,-6.13282e-09,2][0]
[23,-2.39078e-09,2][0]
[24,-8.69882e-10,2][0]
[25,-2.94849e-10,2][0]
[26,-9.29362e-11,2][0]
[27,-2.71899e-11,2][0]
[28,-7.36811e-12,2][0]
[29,-1.84507e-12,2][0]
[30,-4.26124e-13,2][0]
[31,-9.24713e-14,2][0]
[32,-3.00918e-14,2][0]
[-32,0.0128871,1][0]
[-31,0.0138651,1][0]
[-30,0.0148599,1][0]
[-29,0.017793,1][0]
[-28,0.0226899,1][0]
[-27,0.0289443,1][0]
[-26,0.0346367,1][0]
[-25,0.037633,1][1]
[-24,0.0384063,1][1]
[-23,0.0409378,1][0]
[-22,0.048505,1][0]
[-21,0.0623145,1][0]
[-20,0.0828415,1][0]
[-19,0.111176,1][0]
[-18,0.150325,1][0]
[-17,0.213598,1][0]
[-16,0.348949,1][0]
[-15,0.65568,1][1]
[-14,1.22031,1][1]
[-13,2.0255,1][0]
[-12,3.00068,1][0]
[-11,4.02176,1][0]
[-10,4.61935,1][0]
[-9,4.66514,1][0]
[-8,4.58863,1][0]
[-7,4.55922,1][0]
[-6,4.37915,1][0]
[-5,3.71642,1][0]
[-4,2.77208,1][0]
[-3,1.95254,1][0]
[-2,1.3491,1][0]
[-1,0.942661,1][0]
[0,0.642541,1][1]
[1,0.416868,1][1]
[2,0.255694,1][0]
[3,0.14795,1][0]
[4,0.0805742,1][0]
[5,0.041176,1][0]
[6,0.0196745,1][0]
[7,0.00875981,1][0]
[8,0.00362517,1][0]
[9,0.00139193,1][0]
[10,0.000494236,1][0]
[11,0.000160452,1][0]
[12,4.58847e-05,1][0]
[13,1.01053e-05,1][0]
[14,4.61759e-07,1][0]
[15,-1.34521e-06,1][0]
[16,-1.18613e-06,1][0]
[17,-7.44933e-07,1][0]
[18,-4.06988e-07,1][1]
[19,-2.03757e-07,1][1]
[20,-9.50616e-08,1][0]
[21,-4.15272e-08,1][0]
[22,-1.69921e-08,1][0]
[23,-6.50473e-09,1][0]
[24,-2.3257e-09,1][0]
[25,-7.75199e-10,1][0]
[26,-2.40412e-10,1][0]
[27,-6.92252e-11,1][0]
[28,-1.8465e-11,1][0]
[29,-4.55134e-12,1][0]
[30,-1.03454e-12,1][0]
[31,-2.2078e-13,1][0]
[32,-7.06275e-14,1][0]
[-32,0.00724799,0][0]
[-31,0.00806475,0][0]
[-30,0.00900443,0][0]
[-29,0.0118205,0][0]
[-28,0.0167471,0][0]
[-27,0.0231321,0][0]
[-26,0.028229,0][0]
[-25,0.028601,0][1]
[-24,0.0246277,0][1]
[-23,0.0211632,0][0]
[-22,0.0221214,0][0]
[-21,0.0277872,0][0]
[-20,0.0372655,0][0]
[-19,0.0505242,0][0]
[-18,0.0703169,0][0]
[-17,0.114703,0][0]
[-16,0.25452,0][0]
[-15,0.642087,0][1]
[-14,1.42078,0][1]
[-13,2.54789,0][0]
[-12,4.14612,0][0]
[-11,5.70774,0][0]
[-10,6.15265,0][0]
[-9,6.39357,0][0]
[-8,6.38878,0][0]
[-7,6.39572,0][0]
[-6,6.39301,0][0]
[-5,5.39369,0][0]
[-4,3.95787,0][0]
[-3,2.57927,0][0]
[-2,1.7167,0][0]
[-1,1.17743,0][0]
[0,0.79829,0][1]
[1,0.517709,0][1]
[2,0.318029,0][0]
[3,0.184478,0][0]
[4,0.100818,0][0]
[5,0.051778,0][0]
[6,0.0249125,0][0]
[7,0.0111919,0][0]
[8,0.00467813,0][0]
[9,0.00181089,0][0]
[10,0.000642811,0][0]
[11,0.000203611,0][0]
[12,5.26287e-05,0][0]
[13,6.72002e-06,0][0]
[14,-4.206e-06,0][0]
[15,-4.9328e-06,0][0]
[16,-3.46706e-06,0][0]
[17,-2.04558e-06,0][1]
[18,-1.09052e-06,0][1]
[19,-5.38314e-07,0][1]
[20,-2.48175e-07,0][0]
[21,-1.07117e-07,0][0]
[22,-4.3282e-08,0][0]
[23,-1.63537e-08,0][0]
[24,-5.76908e-09,0][0]
[25,-1.89675e-09,0][0]
[26,-5.80073e-10,0][0]
[27,-1.64672e-10,0][0]
[28,-4.32954e-11,0][0]
[29,-1.0517e-11,0][0]
[30,-2.35553e-12,0][0]
[31,-4.94951e-13,0][0]
[32,-1.55838e-13,0][0]
[-32,0.00435073,-1][0]
[-31,0.0052051,-1][0]
[-30,0.00627599,-1][0]
[-29,0.00944423,-1][0]
[-28,0.0149868,-1][0]
[-27,0.021891,-1][0]
[-26,0.0267709,-1][0]
[-25,0.0253471,-1][1]
[-24,0.0182477,-1][1]
[-23,0.0110429,-1][0]
[-22,0.00799374,-1][0]
[-21,0.0086544,-1][0]
[-20,0.0113862,-1][0]
[-19,0.0155881,-1][0]
[-18,0.0241781,-1][0]
[-17,0.059928,-1][0]
[-16,0.214089,-1][0]
[-15,0.684672,-1][1]
[-14,1.65461,-1][1]
[-13,3.04641,-1][0]
[-12,5.23044,-1][0]
[-11,6.72584,-1][0]
[-10,6.74749,-1][0]
[-9,7.15201,-1][0]
[-8,7.23437,-1][0]
[-7,7.20858,-1][0]
[-6,7.14968,-1][0]
[-5,6.56601,-1][0]
[-4,5.07316,-1][0]
[-3,3.10177,-1][0]
[-2,2.05083,-1][0]
[-1,1.38878,-1][0]
[0,0.934298,-1][1]
[1,0.604321,-1][1]
[2,0.371082,-1][0]
[3,0.215347,-1][0]
[4,0.117821,-1][0]
[5,0.0606303,-1][0]
[6,0.0292578,-1][0]
[7,0.0131872,-1][0]
[8,0.00551928,-1][0]
[9,0.00212206,-1][0]
[10,0.000730857,-1][0]
[11,0.000209303,-1][0]
[12,3.50226e-05,-1][0]
[13,-1.24723e-05,-1][0]
[14,-1.88217e-05,-1][0]
[15,-1.45033e-05,-1][0]
[16,-9.16268e-06,-1][0]
[17,-5.18812e-06,-1][1]
[18,-2.71027e-06,-1][1]
[19,-1.32026e-06,-1][1]
[20,-6.019e-07,-1][0]
[21,-2.56971e-07,-1][0]
[22,-1.02671e-07,-1][0]
[23,-3.83422e-08,-1][0]
[24,-1.33626e-08,-1][0]
[25,-4.33853e-09,-1][0]
[26,-1.30983e-09,-1][0]
[27,-3.66965e-10,-1][0]
[28,-9.51967e-11,-1][0]
[29,-2.28125e-11,-1][0]
[30,-5.03972e-12,-1][0]
[31,-1.04385e-12,-1][0]
[32,-3.2386e-13,-1][0]
[-32,0.00311346,-2][0]
[-31,0.00413955,-2][0]
[-30,0.00547135,-2][0]
[-29,0.00931347,-2][0]
[-28,0.0157737,-2][0]
[-27,0.02312,-2][0]
[-26,0.027014,-2][0]
[-25,0.0239963,-2][1]
[-24,0.0151459,-2][1]
[-23,0.00707423,-2][0]
[-22,0.00293732,-2][0]
[-21,0.00193355,-2][0]
[-20,0.00224861,-2][0]
[-19,0.00321059,-2][0]
[-18,0.00818722,-2][0]
[-17,0.0442104,-2][0]
[-16,0.219525,-2][0]
[-15,0.76628,-2][1]
[-14,1.8934,-2][1]
[-13,3.47642,-2][0]
[-12,5.44942,-2][0]
[-11,6.60591,-2][0]
[-10,6.86429,-2][0]
[-9,7.15751,-2][0]
[-8,7.25448,-2][0]
[-7,7.21185,-2][0]
[-6,6.94383,-2][0]
[-5,7.57762,-2][0]
[-4,6.78588,-2][0]
[-3,3.96802,-2][0]
[-2,2.32417,-2][0]
[-1,1.56203,-2][0]
[0,1.04182,-2][1]
[1,0.671179,-2][1]
[2,0.411401,-2][0]
[3,0.238478,-2][0]
[4,0.130364,-2][0]
[5,0.0670302,-2][0]
[6,0.0322986,-2][0]
[7,0.0144976,-2][0]
[8,0.0059945,-2][0]
[9,0.00222755,-2][0]
[10,0.000695045,-2][0]
[11,0.000136001,-2][0]
[12,-3.42546e-05,-2][0]
[13,-6.51891e-05,-2][0]
[14,-5.44963e-05,-2][0]
[15,-3.67003e-05,-2][0]
[16,-2.20285e-05,-2][0]
[17,-1.21716e-05,-2][0]
[18,-6.26597e-06,-2][1]
[19,-3.01851e-06,-2][1]
[20,-1.3622e-06,-2][0]
[21,-5.75688e-07,-2][0]
[22,-2.27611e-07,-2][0]
[23,-8.40765e-08,-2][0]
[24,-2.89709e-08,-2][0]
[25,-9.29663e-09,-2][0]
[26,-2.77314e-09,-2][0]
[27,-7.6745e-10,-2][0]
[28,-1.96622e-10,-2][0]
[29,-4.65276e-11,-2][0]
[30,-1.01491e-11,-2][0]
[31,-2.07442e-12,-2][0]
[32,-6.34931e-13,-2][0]
[-32,0.00281253,-3][0]
[-31,0.00409696,-3][0]
[-30,0.00577765,-3][0]
[-29,0.010512,-3][0]
[-28,0.0180931,-3][0]
[-27,0.0256486,-3][0]
[-26,0.0279715,-3][1]
[-25,0.0222454,-3][1]
[-24,0.0129041,-3][0]
[-23,0.00522822,-3][0]
[-22,0.00153505,-3][0]
[-21,0.000426921,-3][0]
[-20,0.000274125,-3][0]
[-19,0.000562599,-3][0]
[-18,0.00518998,-3][0]
[-17,0.0449838,-3][0]
[-16,0.242803,-3][0]
[-15,0.859677,-3][1]
[-14,2.11971,-3][1]
[-13,3.85223,-3][0]
[-12,5.4954,-3][0]
[-11,6.61853,-3][0]
[-10,7.18561,-3][0]
[-9,7.4104,-3][0]
[-8,7.48246,-3][0]
[-7,7.43509,-3][0]
[-6,7.13249,-3][0]
[-5,7.37965,-3][0]
[-4,6.6319,-3][0]
[-3,4.20708,-3][0]
[-2,2.52352,-3][0]
[-1,1.68818,-3][1]
[0,1.11751,-3][1]
[1,0.716736,-3][1]
[2,0.438074,-3][0]
[3,0.253264,-3][0]
[4,0.13799,-3][0]
[5,0.0705799,-3][0]
[6,0.033673,-3][0]
[7,0.0148063,-3][0]
[8,0.0058513,-3][0]
[9,0.00194637,-3][0]
[10,0.000415919,-3][0]
[11,-9.24095e-05,-3][0]
[12,-0.000204088,-3][0]
[13,-0.000183011,-3][0]
[14,-0.000131142,-3][0]
[15,-8.34148e-05,-3][0]
[16,-4.875e-05,-3][0]
[17,-2.65277e-05,-3][0]
[18,-1.35076e-05,-3][0]
[19,-6.44545e-06,-3][1]
[20,-2.88194e-06,-3][1]
[21,-1.20649e-06,-3][0]
[22,-4.72347e-07,-3][0]
[23,-1.72703e-07,-3][0]
[24,-5.88827e-08,-3][0]
[25,-1.86901e-08,-3][0]
[26,-5.5132e-09,-3][0]
[27,-1.50848e-09,-3][0]
[28,-3.82046e-10,-3][0]
[29,-8.93612e-11,-3][0]
[30,-1.92658e-11,-3][0]
[31,-3.89022e-12,-3][0]
[32,-1.17601e-12,-3][0]
[-32,0.00299311,-4][0]
[-31,0.00458728,-4][0]
[-30,0.00667274,-4][0]
[-29,0.0124537,-4][0]
[-28,0.0213653,-4][0]
[-27,0.0293773,-4][0]
[-26,0.0300564,-4][1]
[-25,0.0220686,-4][1]
[-24,0.0114102,-4][0]
[-23,0.00418194,-4][0]
[-22,0.00104501,-4][0]
[-21,0.000178102,-4][0]
[-20,2.83394e-05,-4][0]
[-19,0.000263781,-4][0]
[-18,0.0052655,-4][0]
[-17,0.049154,-4][0]
[-16,0.267718,-4][0]
[-15,0.947761,-4][1]
[-14,2.32534,-4][1]
[-13,4.1792,-4][0]
[-12,5.86798,-4][0]
[-11,6.93106,-4][0]
[-10,7.39986,-4][0]
[-9,7.55052,-4][0]
[-8,7.57211,-4][0]
[-7,7.47758,-4][0]
[-6,7.16017,-4][0]
[-5,6.43331,-4][0]
[-4,6.8404,-4][0]
[-3,5.44964,-4][0]
[-2,2.63889,-4][0]
[-1,1.76446,-4][1]
[0,1.16236,-4][1]
[1,0.742291,-4][1]
[2,0.451916,-4][0]
[3,0.259977,-4][0]
[4,0.140423,-4][0]
[5,0.0705006,-4][0]
[6,0.0322684,-4][0]
[7,0.0129601,-4][0]
[8,0.00416722,-4][0]
[9,0.000694608,-4][0]
[10,-0.000410734,-4][0]
[11,-0.000624594,-4][0]
[12,-0.000555533,-4][0]
[13,-0.000417536,-4][0]
[14,-0.000281223,-4][0]
[15,-0.000173936,-4][0]
[16,-0.000100093,-4][0]
[17,-5.38936e-05,-4][0]
[18,-2.72015e-05,-4][0]
[19,-1.28717e-05,-4][1]
[20,-5.7068e-06,-4][1]
[21,-2.3682e-06,-4][1]
[22,-9.18721e-07,-4][0]
[23,-3.32733e-07,-4][0]
[24,-1.12335e-07,-4][0]
[25,-3.52985e-08,-4][0]
[26,-1.03056e-08,-4][0]
[27,-2.7904e-09,-4][0]
[28,-6.99278e-10,-4][0]
[29,-1.61832e-10,-4][0]
[30,-3.45196e-11,-4][0]
[31,-6.89353e-12,-4][0]
[32,-2.06047e-12,-4][0]
[-32,0.00337183,-5][0]
[-31,0.00529743,-5][0]
[-30,0.00781385,-5][0]
[-29,0.0147303,-5][0]
[-28,0.0252024,-5][0]
[-27,0.0341263,-5][0]
[-26,0.0340753,-5][1]
[-25,0.0239578,-5][1]
[-24,0.0115985,-5][0]
[-23,0.00381093,-5][0]
[-22,0.000841571,-5][0]
[-21,0.000117762,-5][0]
[-20,9.50449e-06,-5][0]
[-19,0.000265417,-5][0]
[-18,0.0056365,-5][0]
[-17,0.0527745,-5][0]
[-16,0.287247,-5][0]
[-15,1.01455,-5][1]
[-14,2.47779,-5][1]
[-13,4.41248,-5][0]
[-12,6.11147,-5][0]
[-11,7.11369,-5][0]
[-10,7.50966,-5][0]
[-9,7.59824,-5][0]
[-8,7.55316,-5][0]
[-7,7.39111,-5][0]
[-6,7.02749,-5][0]
[-5,6.31087,-5][0]
[-4,7.28113,-5][0]
[-3,5.95729,-5][0]
[-2,2.6758,-5][0]
[-1,1.79557,-5][0]
[0,1.18043,-5][1]
[1,0.750675,-5][1]
[2,0.45456,-5][0]
[3,0.259041,-5][0]
[4,0.136588,-5][0]
[5,0.0639761,-5][0]
[6,0.0240013,-5][0]
[7,0.00479805,-5][0]
[8,-0.00214384,-5][0]
[9,-0.00318163,-5][0]
[10,-0.00244724,-5][0]
[11,-0.00168984,-5][0]
[12,-0.00120788,-5][0]
[13,-0.000844374,-5][0]
[14,-0.000552098,-5][0]
[15,-0.0003362,-5][0]
[16,-0.000191517,-5][0]
[17,-0.000102289,-5][0]
[18,-5.12429e-05,-5][0]
[19,-2.4067e-05,-5][1]
[20,-1.05879e-05,-5][1]
[21,-4.35832e-06,-5][1]
[22,-1.67656e-06,-5][0]
[23,-6.01909e-07,-5][0]
[24,-2.01388e-07,-5][0]
[25,-6.26991e-08,-5][0]
[26,-1.81339e-08,-5][0]
[27,-4.86342e-09,-5][0]
[28,-1.20712e-09,-5][0]
[29,-2.76677e-10,-5][0]
[30,-5.84489e-11,-5][0]
[31,-1.15559e-11,-5][0]
[32,-3.41897e-12,-5][0]
[-32,0.00375339,-6][0]
[-31,0.00600312,-6][0]
[-30,0.00894363,-6][0]
[-29,0.0169991,-6][0]
[-28,0.0291313,-6][0]
[-27,0.0393673,-6][0]
[-26,0.0390739,-6][1]
[-25,0.0271575,-6][1]
[-24,0.0128423,-6][0]
[-23,0.00403456,-6][0]
[-22,0.000812228,-6][0]
[-21,9.84746e-05,-6][0]
[-20,6.10603e-06,-6][0]
[-19,0.000278077,-6][0]
[-18,0.00589699,-6][0]
[-17,0.0550585,-6][0]
[-16,0.298575,-6][0]
[-15,1.04956,-6][1]
[-14,2.54704,-6][1]
[-13,4.50525,-6][0]
[-12,6.1862,-6][0]
[-11,7.14795,-6][0]
[-10,7.51094,-6][0]
[-9,7.5686,-6][0]
[-8,7.48014,-6][0]
[-7,7.26119,-6][0]
[-6,6.84439,-6][0]
[-5,6.61166,-6][0]
[-4,6.62999,-6][0]
[-3,4.88361,-6][0]
[-2,2.65586,-6][0]
[-1,1.79259,-6][0]
[0,1.17727,-6][1]
[1,0.745083,-6][1]
[2,0.447766,-6][0]
[3,0.250935,-6][0]
[4,0.124635,-6][0]
[5,0.0457741,-6][0]
[6,0.000720855,-6][0]
[7,-0.017902,-6][0]
[8,-0.0185725,-6][0]
[9,-0.0121126,-6][0]
[10,-0.00634548,-6][0]
[11,-0.0035414,-6][0]
[12,-0.00230893,-6][0]
[13,-0.00156031,-6][0]
[14,-0.00100408,-6][0]
[15,-0.000605474,-6][0]
[16,-0.000342353,-6][0]
[17,-0.000181636,-6][0]
[18,-9.0397e-05,-6][0]
[19,-4.21698e-05,-6][1]
[20,-1.84212e-05,-6][1]
[21,-7.52693e-06,-6][1]
[22,-2.87326e-06,-6][0]
[23,-1.02336e-06,-6][0]
[24,-3.39607e-07,-6][0]
[25,-1.0485e-07,-6][0]
[26,-3.00682e-08,-6][0]
[27,-7.99511e-09,-6][0]
[28,-1.96733e-09,-6][0]
[29,-4.4703e-10,-6][0]
[30,-9.36212e-11,-6][0]
[31,-1.83448e-11,-6][0]
[32,-5.37824e-12,-6][0]
[-32,0.00394787,-7][0]
[-31,0.00648788,-7][0]
[-30,0.00981091,-7][0]
[-29,0.0189017,-7][0]
[-28,0.0325991,-7][0]
[-27,0.0441662,-7][1]
[-26,0.0438525,-7][1]
[-25,0.0304235,-7][1]
[-24,0.0143185,-7][0]
[-23,0.0044498,-7][0]
[-22,0.000873261,-7][0]
[-21,9.85934e-05,-7][0]
[-20,5.09515e-06,-7][0]
[-19,0.000286134,-7][0]
[-18,0.00604986,-7][0]
[-17,0.0562578,-7][0]
[-16,0.303584,-7][0]
[-15,1.06099,-7][1]
[-14,2.55918,-7][1]
[-13,4.50043,-7][0]
[-12,6.16545,-7][0]
[-11,7.11766,-7][0]
[-10,7.46699,-7][0]
[-9,7.51227,-7][0]
[-8,7.41259,-7][0]
[-7,7.16862,-7][0]
[-6,6.71201,-7][0]
[-5,6.45552,-7][0]
[-4,6.19432,-7][0]
[-3,4.49899,-7][0]
[-2,2.61232,-7][0]
[-1,1.76791,-7][0]
[0,1.15795,-7][1]
[1,0.728126,-7][1]
[2,0.432942,-7][0]
[3,0.236463,-7][0]
[4,0.105321,-7][0]
[5,0.0145808,-7][0]
[6,-0.0409488,-7][0]
[7,-0.0585277,-7][0]
[8,-0.0465198,-7][0]
[9,-0.0256576,-7][0]
[10,-0.0120811,-7][0]
[11,-0.00632147,-7][0]
[12,-0.00400728,-7][0]
[13,-0.00266852,-7][0]
[14,-0.00170106,-7][0]
[15,-0.00101868,-7][0]
[16,-0.000572588,-7][0]
[17,-0.000302058,-7][0]
[18,-0.000149455,-7][0]
[19,-6.9297e-05,-7][0]
[20,-3.00788e-05,-7][1]
[21,-1.22086e-05,-7][1]
[22,-4.62826e-06,-7][0]
[23,-1.63669e-06,-7][0]
[24,-5.39177e-07,-7][0]
[25,-1.65226e-07,-7][0]
[26,-4.70246e-08,-7][0]
[27,-1.24086e-08,-7][0]
[28,-3.02997e-09,-7][0]
[29,-6.83219e-10,-7][0]
[30,-1.41992e-10,-7][0]
[31,-2.76035e-11,-7][0]
[32,-8.02767e-12,-7][0]
[-32,0.0035725,-8][0]
[-31,0.00637334,-8][0]
[-30,0.0100209,-8][0]
[-29,0.0199612,-8][0]
[-28,0.0349518,-8][0]
[-27,0.0476685,-8][1]
[-26,0.0474644,-8][1]
[-25,0.0329538,-8][1]
[-24,0.0154989,-8][0]
[-23,0.00480682,-8][0]
[-22,0.000939006,-8][0]
[-21,0.000104659,-8][0]
[-20,5.09203e-06,-8][0]
[-19,0.000291951,-8][0]
[-18,0.00615838,-8][0]
[-17,0.057114,-8][0]
[-16,0.307345,-8][0]
[-15,1.07122,-8][1]
[-14,2.57843,-8][1]
[-13,4.52878,-8][0]
[-12,6.20282,-8][0]
[-11,7.15583,-8][0]
[-10,7.48842,-8][0]
[-9,7.51429,-8][0]
[-8,7.39786,-8][0]
[-7,7.13418,-8][0]
[-6,6.65588,-8][0]
[-5,6.18648,-8][0]
[-4,5.3252,-8][0]
[-3,3.83903,-8][0]
[-2,2.56515,-8][0]
[-1,1.72926,-8][0]
[0,1.12536,-8][1]
[1,0.700931,-8][1]
[2,0.4104,-8][0]
[3,0.216329,-8][0]
[4,0.0825943,-8][0]
[5,-0.0174093,-8][0]
[6,-0.084067,-8][0]
[7,-0.0998703,-8][0]
[8,-0.0731181,-8][0]
[9,-0.0391257,-8][0]
[10,-0.018554,-8][0]
[11,-0.0100027,-8][0]
[12,-0.00640899,-8][0]
[13,-0.00424915,-8][0]
[14,-0.00269193,-8][0]
[15,-0.00160349,-8][0]
[16,-0.00089685,-8][0]
[17,-0.000470773,-8][0]
[18,-0.000231735,-8][0]
[19,-0.000106868,-8][0]
[20,-4.6125e-05,-8][1]
[21,-1.86113e-05,-8][1]
[22,-7.01243e-06,-8][0]
[23,-2.46422e-06,-8][0]
[24,-8.0657e-07,-8][0]
[25,-2.45549e-07,-8][0]
[26,-6.94223e-08,-8][0]
[27,-1.81965e-08,-8][0]
[28,-4.41356e-09,-8][0]
[29,-9.88547e-10,-8][0]
[30,-2.04077e-10,-8][0]
[31,-3.94006e-11,-8][0]
[32,-1.13784e-11,-8][0]
[-32,0.00140651,-9][0]
[-31,0.00458706,-9][0]
[-30,0.00857197,-9][0]
[-29,0.0192428,-9][0]
[-28,0.0352765,-9][0]
[-27,0.0489772,-9][0]
[-26,0.0491305,-9][1]
[-25,0.0342114,-9][1]
[-24,0.0161027,-9][0]
[-23,0.00499196,-9][0]
[-22,0.000974022,-9][0]
[-21,0.000108332,-9][0]
[-20,5.23736e-06,-9][0]
[-19,0.000297741,-9][0]
[-18,0.00627727,-9][0]
[-17,0.0582149,-9][0]
[-16,0.31347,-9][0]
[-15,1.0943,-9][1]
[-14,2.6394,-9][1]
[-13,4.64746,-9][0]
[-12,6.36036,-9][0]
[-11,7.31131,-9][0]
[-10,7.61568,-9][0]
[-9,7.59344,-9][0]
[-8,7.42452,-9][0]
[-7,7.12713,-9][0]
[-6,6.64023,-9][0]
[-5,6.17124,-9][0]
[-4,5.50311,-9][0]
[-3,4.00151,-9][0]
[-2,2.51458,-9][0]
[-1,1.67662,-9][0]
[0,1.07839,-9][1]
[1,0.661676,-9][1]
[2,0.377583,-9][0]
[3,0.188103,-9][0]
[4,0.0581164,-9][0]
[5,-0.0379797,-9][0]
[6,-0.100523,-9][0]
[7,-0.112636,-9][0]
[8,-0.083027,-9][0]
[9,-0.0468831,-9][0]
[10,-0.0245434,-9][0]
[11,-0.0144416,-9][0]
[12,-0.00952842,-9][0]
[13,-0.0063186,-9][0]
[14,-0.00398517,-9][0]
[15,-0.00236356,-9][0]
[16,-0.00131642,-9][0]
[17,-0.000688041,-9][0]
[18,-0.000337165,-9][0]
[19,-0.000154759,-9][0]
[20,-6.64665e-05,-9][1]
[21,-2.6682e-05,-9][1]
[22,-1.00002e-05,-9][0]
[23,-3.49509e-06,-9][0]
[24,-1.13764e-06,-9][0]
[25,-3.44391e-07,-9][0]
[26,-9.68135e-08,-9][0]
[27,-2.52309e-08,-9][0]
[28,-6.08469e-09,-9][0]
[29,-1.35505e-09,-9][0]
[30,-2.78143e-10,-9][0]
[31,-5.33857e-11,-9][0]
[32,-1.53251e-11,-9][0]
[-32,-0.00596584,-10][0]
[-31,-0.00175163,-10][0]
[-30,0.00286665,-10][0]
[-29,0.0146267,-10][0]
[-28,0.0319326,-10][0]
[-27,0.0468494,-10][0]
[-26,0.0479791,-10][1]
[-25,0.0336928,-10][1]
[-24,0.0159126,-10][0]
[-23,0.00493834,-10][0]
[-22,0.000963393,-10][0]
[-21,0.000107052,-10][0]
[-20,5.16839e-06,-10][0]
[-19,0.00030427,-10][0]
[-18,0.0064177,-10][0]
[-17,0.0595719,-10][0]
[-16,0.321281,-10][1]
[-15,1.12378,-10][1]
[-14,2.71613,-10][1]
[-13,4.78271,-10][0]
[-12,6.53635,-10][0]
[-11,7.48796,-10][0]
[-10,7.75388,-10][0]
[-9,7.66605,-10][0]
[-8,7.43233,-10][0]
[-7,7.0998,-10][0]
[-6,6.61652,-10][0]
[-5,5.964,-10][0]
[-4,5.49145,-10][0]
[-3,4.16178,-10][0]
[-2,2.44758,-10][0]
[-1,1.60151,-10][0]
[0,1.00974,-10][1]
[1,0.603504,-10][1]
[2,0.327404,-10][0]
[3,0.143804,-10][0]
[4,0.0237735,-10][0]
[5,-0.0533868,-10][0]
[6,-0.0936039,-10][0]
[7,-0.0977412,-10][0]
[8,-0.0761601,-10][0]
[9,-0.0486896,-10][0]
[10,-0.0298295,-10][0]
[11,-0.0194653,-10][0]
[12,-0.0132382,-10][0]
[13,-0.00878898,-10][0]
[14,-0.00552389,-10][0]
[15,-0.00326437,-10][0]
[16,-0.00181165,-10][0]
[17,-0.000943412,-10][0]
[18,-0.000460541,-10][0]
[19,-0.000210545,-10][0]
[20,-9.00498e-05,-10][1]
[21,-3.59934e-05,-10][1]
[22,-1.34302e-05,-10][0]
[23,-4.6725e-06,-10][0]
[24,-1.51384e-06,-10][0]
[25,-4.56118e-07,-10][0]
[26,-1.27613e-07,-10][0]
[27,-3.30993e-08,-10][0]
[28,-7.94414e-09,-10][0]
[29,-1.76073e-09,-10][0]
[30,-3.59702e-10,-10][0]
[31,-6.87039e-11,-10][0]
[32,-1.96248e-11,-10][0]
[-32,-0.0249862,-11][0]
[-31,-0.0180219,-11][0]
[-30,-0.0119656,-11][0]
[-29,0.00232153,-11][0]
[-28,0.0222627,-11][0]
[-27,0.0395449,-11][0]
[-26,0.0429593,-11][0]
[-25,0.0308639,-11][0]
[-24,0.0147224,-11][0]
[-23,0.00458888,-11][0]
[-22,0.000896621,-11][0]
[-21,9.96374e-05,-11][0]
[-20,4.80623e-06,-11][0]
[-19,0.000311005,-11][0]
[-18,0.00655693,-11][0]
[-17,0.0608243,-11][0]
[-16,0.327663,-11][1]
[-15,1.14414,-11][1]
[-14,2.75802,-11][0]
[-13,4.84026,-11][0]
[-12,6.59279,-11][0]
[-11,7.5284,-11][0]
[-10,7.76854,-11][0]
[-9,7.64627,-11][0]
[-8,7.37559,-11][0]
[-7,7.02689,-11][0]
[-6,6.55806,-11][0]
[-5,5.93029,-11][0]
[-4,5.05471,-11][0]
[-3,3.69233,-11][0]
[-2,2.34815,-11][0]
[-1,1.49071,-11][0]
[0,0.90612,-11][1]
[1,0.515324,-11][1]
[2,0.252397,-11][0]
[3,0.0776035,-11][0]
[4,-0.0290536,-11][0]
[5,-0.080473,-11][0]
[6,-0.0927778,-11][0]
[7,-0.0840375,-11][0]
[8,-0.0671866,-11][0]
[9,-0.0495391,-11][0]
[10,-0.0351138,-11][0]
[11,-0.0248171,-11][0]
[12,-0.0172339,-11][0]
[13,-0.011446,-11][0]
[14,-0.00717293,-11][0]
[15,-0.00422618,-11][0]
[16,-0.00233846,-11][0]
[17,-0.00121405,-11][0]
[18,-0.000590794,-11][0]
[19,-0.000269212,-11][0]
[20,-0.000114753,-11][1]
[21,-4.57073e-05,-11][1]
[22,-1.69936e-05,-11][0]
[23,-5.89062e-06,-11][0]
[24,-1.90139e-06,-11][0]
[25,-5.70728e-07,-11][0]
[26,-1.59072e-07,-11][0]
[27,-4.11016e-08,-11][0]
[28,-9.82719e-09,-11][0]
[29,-2.16981e-09,-11][0]
[30,-4.41599e-10,-11][0]
[31,-8.40192e-11,-11][0]
[32,-2.39048e-11,-11][0]
[-32,-0.0616322,-12][0]
[-31,-0.0493217,-12][0]
[-30,-0.040698,-12][0]
[-29,-0.0214261,-12][0]
[-28,0.00365479,-12][0]
[-27,0.0253669,-12][0]
[-26,0.0330876,-12][1]
[-25,0.0252582,-12][1]
[-24,0.0123564,-12][0]
[-23,0.00389623,-12][0]
[-22,0.000765342,-12][0]
[-21,8.52192e-05,-12][0]
[-20,4.11114e-06,-12][0]
[-19,0.000317233,-12][0]
[-18,0.00667525,-12][0]
[-17,0.0617319,-12][0]
[-16,0.331038,-12][0]
[-15,1.14848,-12][1]
[-14,2.74609,-12][1]
[-13,4.78262,-12][0]
[-12,6.47349,-12][0]
[-11,7.37801,-12][0]
[-10,7.63105,-12][0]
[-9,7.53118,-12][0]
[-8,7.27187,-12][0]
[-7,6.93263,-12][0]
[-6,6.47587,-12][0]
[-5,6.05039,-12][0]
[-4,4.96425,-12][0]
[-3,3.37995,-12][0]
[-2,2.21041,-12][0]
[-1,1.34011,-12][0]
[0,0.760175,-12][1]
[1,0.39096,-12][1]
[2,0.156144,-12][0]
[3,0.00281831,-12][0]
[4,-0.0868338,-12][0]
[5,-0.115596,-12][0]
[6,-0.105164,-12][0]
[7,-0.0846695,-12][0]
[8,-0.0672651,-12][0]
[9,-0.0531656,-12][0]
[10,-0.0407994,-12][0]
[11,-0.0300056,-12][0]
[12,-0.0210411,-12][0]
[13,-0.0139636,-12][0]
[14,-0.00872901,-12][0]
[15,-0.00513039,-12][0]
[16,-0.00283198,-12][0]
[17,-0.00146673,-12][0]
[18,-0.000712005,-12][0]
[19,-0.000323628,-12][0]
[20,-0.000137591,-12][1]
[21,-5.4659e-05,-12][1]
[22,-2.02667e-05,-12][0]
[23,-7.0058e-06,-12][0]
[24,-2.25501e-06,-12][0]
[25,-6.74958e-07,-12][0]
[26,-1.87588e-07,-12][0]
[27,-4.83311e-08,-12][0]
[28,-1.15227e-08,-12][0]
[29,-2.53696e-09,-12][0]
[30,-5.1486e-10,-12][0]
[31,-9.76739e-11,-12][0]
[32,-2.77077e-11,-12][0]
[-32,-0.112119,-13][0]
[-31,-0.0929084,-13][0]
[-30,-0.0813232,-13][0]
[-29,-0.0554453,-13][0]
[-28,-0.0236142,-13][0]
[-27,0.00409801,-13][0]
[-26,0.0180743,-13][1]
[-25,0.0166622,-13][1]
[-24,0.00872038,-13][0]
[-23,0.00283386,-13][0]
[-22,0.000564733,-13][0]
[-21,6.32982e-05,-13][0]
[-20,3.06012e-06,-13][0]
[-19,0.000322842,-13][0]
[-18,0.00677667,-13][0]
[-17,0.0624292,-13][0]
[-16,0.332846,-13][0]
[-15,1.14528,-13][1]
[-14,2.70925,-13][1]
[-13,4.65946,-13][0]
[-12,6.25554,-13][0]
[-11,7.13253,-13][0]
[-10,7.43021,-13][0]
[-9,7.39365,-13][0]
[-8,7.18256,-13][0]
[-7,6.86727,-13][0]
[-6,6.39852,-13][0]
[-5,6.24334,-13][0]
[-4,5.12929,-13][0]
[-3,3.22781,-13][0]
[-2,2.04926,-13][0]
[-1,1.1685,-13][0]
[0,0.588414,-13][1]
[1,0.245252,-13][1]
[2,0.0559393,-13][0]
[3,-0.0560965,-13][0]
[4,-0.119157,-13][0]
[5,-0.133283,-13][0]
[6,-0.11521,-13][0]
[7,-0.0912855,-13][0]
[8,-0.0729841,-13][0]
[9,-0.0588595,-13][0]
[10,-0.0460862,-13][0]
[11,-0.0342855,-13][0]
[12,-0.0240913,-13][0]
[13,-0.0159627,-13][0]
[14,-0.00995791,-13][0]
[15,-0.00584127,-13][0]
[16,-0.0032185,-13][0]
[17,-0.00166395,-13][0]
[18,-0.000806328,-13][0]
[19,-0.000365855,-13][0]
[20,-0.000155268,-13][1]
[21,-6.15697e-05,-13][1]
[22,-2.27874e-05,-13][0]
[23,-7.86255e-06,-13][0]
[24,-2.52604e-06,-13][0]
[25,-7.54655e-07,-13][0]
[26,-2.0934e-07,-13][0]
[27,-5.38331e-08,-13][0]
[28,-1.28102e-08,-13][0]
[29,-2.81508e-09,-13][0]
[30,-5.70231e-10,-13][0]
[31,-1.0797e-10,-13][0]
[32,-3.05685e-11,-13][0]
[-32,-0.157217,-14][0]
[-31,-0.133462,-14][0]
[-30,-0.120257,-14][0]
[-29,-0.0902957,-14][0]
[-28,-0.0542024,-14][0]
[-27,-0.0217616,-14][0]
[-26,-0.00120655,-14][0]
[-25,0.00531096,-14][0]
[-24,0.00386325,-14][0]
[-23,0.00140823,-14][0]
[-22,0.000295338,-14][0]
[-21,3.38793e-05,-14][0]
[-20,1.65156e-06,-14][0]
[-19,0.000328056,-14][0]
[-18,0.00687737,-14][0]
[-17,0.0632182,-14][0]
[-16,0.335851,-14][0]
[-15,1.14933,-14][1]
[-14,2.69707,-14][1]
[-13,4.59212,-14][0]
[-12,6.10814,-14][0]
[-11,6.94833,-14][0]
[-10,7.27374,-14][0]
[-9,7.29166,-14][0]
[-8,7.13214,-14][0]
[-7,6.83815,-14][0]
[-6,6.35159,-14][0]
[-5,6.3454,-14][0]
[-4,5.18476,-14][0]
[-3,3.06296,-14][0]
[-2,1.87966,-14][0]
[-1,1.00013,-14][0]
[0,0.425908,-14][1]
[1,0.10705,-14][1]
[2,-0.0366217,-14][0]
[3,-0.0970414,-14][0]
[4,-0.123853,-14][0]
[5,-0.127313,-14][0]
[6,-0.113288,-14][0]
[7,-0.0942002,-14][0]
[8,-0.0776024,-14][0]
[9,-0.0631915,-14][0]
[10,-0.0495621,-14][0]
[11,-0.0368538,-14][0]
[12,-0.0258602,-14][0]
[13,-0.017103,-14][0]
[14,-0.010651,-14][0]
[15,-0.00623871,-14][0]
[16,-0.00343312,-14][0]
[17,-0.00177289,-14][0]
[18,-0.000858211,-14][0]
[19,-0.000389006,-14][1]
[20,-0.000164933,-14][1]
[21,-6.53403e-05,-14][1]
[22,-2.41601e-05,-14][0]
[23,-8.32837e-06,-14][0]
[24,-2.67319e-06,-14][0]
[25,-7.97863e-07,-14][0]
[26,-2.21117e-07,-14][0]
[27,-5.68082e-08,-14][0]
[28,-1.35054e-08,-14][0]
[29,-2.9651e-09,-14][0]
[30,-6.0006e-10,-14][0]
[31,-1.13509e-10,-14][0]
[32,-3.21055e-11,-14][0]
[-32,-0.174106,-15][0]
[-31,-0.151811,-15][0]
[-30,-0.140107,-15][0]
[-29,-0.113104,-15][0]
[-28,-0.0800099,-15][1]
[-27,-0.0479772,-15][1]
[-26,-0.0228642,-15][0]
[-25,-0.00808842,-15][0]
[-24,-0.00201608,-15][0]
[-23,-0.000339912,-15][0]
[-22,-3.81951e-05,-15][0]
[-21,-3.13246e-06,-15][0]
[-20,-2.69718e-07,-15][0]
[-19,0.000332626,-15][0]
[-18,0.00697913,-15][0]
[-17,0.0641988,-15][0]
[-16,0.341251,-15][0]
[-15,1.16774,-15][1]
[-14,2.73711,-15][1]
[-13,4.64643,-15][0]
[-12,6.13585,-15][0]
[-11,6.91126,-15][0]
[-10,7.19402,-15][0]
[-9,7.21949,-15][0]
[-8,7.0873,-15][0]
[-7,6.81286,-15][0]
[-6,6.32126,-15][0]
[-5,6.2757,-15][0]
[-4,5.05748,-15][0]
[-3,2.89413,-15][0]
[-2,1.70301,-15][0]
[-1,0.838218,-15][0]
[0,0.283437,-15][1]
[1,-0.016752,-15][1]
[2,-0.128942,-15][0]
[3,-0.142571,-15][0]
[4,-0.129677,-15][0]
[5,-0.116885,-15][0]
[6,-0.10489,-15][0]
[7,-0.0917469,-15][0]
[8,-0.0779525,-15][0]
[9,-0.0639874,-15][0]
[10,-0.0501194,-15][0]
[11,-0.037166,-15][0]
[12,-0.0260191,-15][0]
[13,-0.0171775,-15][0]
[14,-0.0106829,-15][0]
[15,-0.00625118,-15][0]
[16,-0.0034375,-15][0]
[17,-0.00177424,-15][0]
[18,-0.000858559,-15][0]
[19,-0.000389071,-15][1]
[20,-0.000164935,-15][1]
[21,-6.53347e-05,-15][0]
[22,-2.41568e-05,-15][0]
[23,-8.32701e-06,-15][0]
[24,-2.67274e-06,-15][0]
[25,-7.97734e-07,-15][0]
[26,-2.21085e-07,-15][0]
[27,-5.68008e-08,-15][0]
[28,-1.35039e-08,-15][0]
[29,-2.96482e-09,-15][0]
[30,-6.00014e-10,-15][0]
[31,-1.13502e-10,-15][0]
[32,-3.2104e-11,-15][0]
[-32,-0.157815,-16][0]
[-31,-0.14272,-16][0]
[-30,-0.135377,-16][0]
[-29,-0.118513,-16][0]
[-28,-0.0965226,-16][1]
[-27,-0.071257,-16][1]
[-26,-0.0449528,-16][0]
[-25,-0.0227242,-16][0]
[-24,-0.00868987,-16][0]
[-23,-0.00238953,-16][0]
[-22,-0.000449587,-16][0]
[-21,-5.53963e-05,-16][0]
[-20,-4.57788e-06,-16][0]
[-19,0.000335425,-16][0]
[-18,0.00705723,-16][0]
[-17,0.065107,-16][0]
[-16,0.347331,-16][0]
[-15,1.19375,-16][1]
[-14,2.80975,-16][1]
[-13,4.77595,-16][0]
[-12,6.2791,-16][0]
[-11,6.98101,-16][0]
[-10,7.16802,-16][0]
[-9,7.15901,-16][0]
[-8,7.03658,-16][0]
[-7,6.77299,-16][0]
[-6,6.27273,-16][0]
[-5,6.09297,-16][0]
[-4,4.81538,-16][0]
[-3,2.70868,-16][0]
[-2,1.51683,-16][0]
[-1,0.675915,-16][0]
[0,0.145717,-16][1]
[1,-0.138797,-16][1]
[2,-0.228983,-16][0]
[3,-0.203271,-16][0]
[4,-0.150276,-16][0]
[5,-0.114941,-16][0]
[6,-0.0973229,-16][0]
[7,-0.0856874,-16][0]
[8,-0.0738169,-16][0]
[9,-0.0607889,-16][0]
[10,-0.0475108,-16][0]
[11,-0.0351296,-16][0]
[12,-0.0245377,-16][0]
[13,-0.016174,-16][0]
[14,-0.0100486,-16][0]
[15,-0.00587675,-16][0]
[16,-0.00323098,-16][0]
[17,-0.00166782,-16][0]
[18,-0.000807328,-16][0]
[19,-0.000366042,-16][1]
[20,-0.000155273,-16][1]
[21,-6.15541e-05,-16][0]
[22,-2.27779e-05,-16][0]
[23,-7.8587e-06,-16][0]
[24,-2.52476e-06,-16][0]
[25,-7.54288e-07,-16][0]
[26,-2.09247e-07,-16][0]
[27,-5.38119e-08,-16][0]
[28,-1.28058e-08,-16][0]
[29,-2.81429e-09,-16][0]
[30,-5.70099e-10,-16][0]
[31,-1.0795e-10,-16][0]
[32,-3.0564e-11,-16][0]
[-32,-0.126064,-17][0]
[-31,-0.11944,-17][0]
[-30,-0.117035,-17][0]
[-29,-0.112433,-17][0]
[-28,-0.104939,-17][0]
[-27,-0.0904082,-17][0]
[-26,-0.0662612,-17][0]
[-25,-0.0381459,-17][0]
[-24,-0.0162756,-17][0]
[-23,-0.00497284,-17][0]
[-22,-0.00106593,-17][0]
[-21,-0.000155529,-17][0]
[-20,-6.52819e-06,-17][0]
[-19,0.000342726,-17][0]
[-18,0.00708046,-17][0]
[-17,0.0654856,-17][0]
[-16,0.35085,-17][0]
[-15,1.21218,-17][1]
[-14,2.86956,-17][1]
[-13,4.89644,-17][0]
[-12,6.4268,-17][0]
[-11,7.0837,-17][0]
[-10,7.18812,-17][0]
[-9,7.13048,-17][0]
[-8,6.99888,-17][0]
[-7,6.72328,-17][0]
[-6,6.18915,-17][0]
[-5,5.95075,-17][0]
[-4,4.62723,-17][0]
[-3,2.51176,-17][0]
[-2,1.3377,-17][0]
[-1,0.526177,-17][0]
[0,0.0197311,-17][1]
[1,-0.249787,-17][1]
[2,-0.319952,-17][0]
[3,-0.261286,-17][0]
[4,-0.173897,-17][0]
[5,-0.116291,-17][0]
[6,-0.0899828,-17][0]
[7,-0.0769371,-17][0]
[8,-0.0659381,-17][0]
[9,-0.0541789,-17][0]
[10,-0.0422121,-17][0]
[11,-0.0311212,-17][0]
[12,-0.0216916,-17][0]
[13,-0.0142785,-17][0]
[14,-0.00886469,-17][0]
[15,-0.00518354,-17][0]
[16,-0.00285075,-17][0]
[17,-0.00147257,-17][0]
[18,-0.000713529,-17][0]
[19,-0.000323919,-17][1]
[20,-0.000137604,-17][1]
[21,-5.46368e-05,-17][0]
[22,-2.02529e-05,-17][0]
[23,-7.0001e-06,-17][0]
[24,-2.25311e-06,-17][0]
[25,-6.7441e-07,-17][0]
[26,-1.87448e-07,-17][0]
[27,-4.82993e-08,-17][0]
[28,-1.15162e-08,-17][0]
[29,-2.53576e-09,-17][0]
[30,-5.1466e-10,-17][0]
[31,-9.76435e-11,-17][0]
[32,-2.7701e-11,-17][0]
[-32,-0.101038,-18][0]
[-31,-0.0973835,-18][0]
[-30,-0.096926,-18][0]
[-29,-0.0984792,-18][1]
[-28,-0.10208,-18][1]
[-27,-0.100277,-18][0]
[-26,-0.0836091,-18][0]
[-25,-0.0539865,-18][0]
[-24,-0.0258248,-18][0]
[-23,-0.00892396,-18][0]
[-22,-0.00211597,-18][0]
[-21,-0.000158494,-18][0]
[-20,0.000185561,-18][0]
[-19,0.000507002,-18][0]
[-18,0.00712923,-18][0]
[-17,0.0650995,-18][0]
[-16,0.349513,-18][0]
[-15,1.2125,-18][1]
[-14,2.88451,-18][1]
[-13,4.9507,-18][0]
[-12,6.52065,-18][0]
[-11,7.18345,-18][0]
[-10,7.25118,-18][0]
[-9,7.14325,-18][0]
[-8,6.97632,-18][0]
[-7,6.66951,-18][0]
[-6,6.08393,-18][0]
[-5,5.78711,-18][0]
[-4,4.43769,-18][0]
[-3,2.33834,-18][0]
[-2,1.20053,-18][0]
[-1,0.422241,-18][0]
[0,-0.0625249,-18][1]
[1,-0.31729,-18][1]
[2,-0.371548,-18][0]
[3,-0.291911,-18][0]
[4,-0.183231,-18][0]
[5,-0.111773,-18][0]
[6,-0.0796565,-18][0]
[7,-0.065538,-18][0]
[8,-0.0554434,-18][0]
[9,-0.0452997,-18][0]
[10,-0.0351581,-18][0]
[11,-0.025844,-18][0]
[12,-0.0179764,-18][0]
[13,-0.0118188,-18][0]
[14,-0.00733437,-18][0]
[15,-0.00428962,-18][0]
[16,-0.00236097,-18][0]
[17,-0.0012211,-18][0]
[18,-0.000592658,-18][0]
[19,-0.000269578,-18][0]
[20,-0.000114775,-18][1]
[21,-4.5683e-05,-18][1]
[22,-1.69777e-05,-18][0]
[23,-5.88396e-06,-18][0]
[24,-1.89914e-06,-18][0]
[25,-5.70076e-07,-18][0]
[26,-1.58906e-07,-18][0]
[27,-4.10635e-08,-18][0]
[28,-9.81934e-09,-18][0]
[29,-2.16836e-09,-18][0]
[30,-4.41356e-10,-18][0]
[31,-8.39822e-11,-18][0]
[32,-2.38965e-11,-18][0]
[-32,-0.0927065,-19][0]
[-31,-0.078928,-19][0]
[-30,-0.0699899,-19][0]
[-29,-0.0588485,-19][1]
[-28,-0.0619788,-19][1]
[-27,-0.0780337,-19][0]
[-26,-0.0845467,-19][0]
[-25,-0.0677788,-19][0]
[-24,-0.0381854,-19][0]
[-23,-0.0144376,-19][0]
[-22,-0.00214907,-19][0]
[-21,0.00177138,-19][0]
[-20,0.00224164,-19][0]
[-19,0.00209242,-19][0]
[-18,0.00803705,-19][0]
[-17,0.0644865,-19][0]
[-16,0.343834,-19][0]
[-15,1.19491,-19][1]
[-14,2.8548,-19][1]
[-13,4.92793,-19][0]
[-12,6.54185,-19][0]
[-11,7.244,-19][0]
[-10,7.30934,-19][0]
[-9,7.16026,-19][0]
[-8,6.95012,-19][0]
[-7,6.60981,-19][0]
[-6,5.98029,-19][0]
[-5,5.84589,-19][0]
[-4,4.48682,-19][0]
[-3,2.21199,-19][0]
[-2,1.11735,-19][0]
[-1,0.376371,-19][0]
[0,-0.0856,-19][1]
[1,-0.328271,-19][1]
[2,-0.373311,-19][0]
[3,-0.28589,-19][0]
[4,-0.172231,-19][0]
[5,-0.0984082,-19][0]
[6,-0.0658035,-19][0]
[7,-0.0523862,-19][0]
[8,-0.0437525,-19][0]
[9,-0.035523,-19][0]
[10,-0.0274547,-19][0]
[11,-0.0201206,-19][0]
[12,-0.0139671,-19][0]
[13,-0.00917286,-19][0]
[14,-0.00569108,-19][0]
[15,-0.00333031,-19][0]
[16,-0.00183518,-19][0]
[17,-0.000950851,-19][0]
[18,-0.000462538,-19][0]
[19,-0.000210951,-19][0]
[20,-9.00822e-05,-19][1]
[21,-3.59712e-05,-19][1]
[22,-1.34144e-05,-19][0]
[23,-4.66577e-06,-19][0]
[24,-1.51154e-06,-19][0]
[25,-4.55446e-07,-19][0]
[26,-1.2744e-07,-19][0]
[27,-3.30594e-08,-19][0]
[28,-7.93589e-09,-19][0]
[29,-1.75919e-09,-19][0]
[30,-3.59444e-10,-19][0]
[31,-6.86646e-11,-19][0]
[32,-1.9616e-11,-19][0]
[-32,-0.102205,-20][0]
[-31,-0.0618078,-20][0]
[-30,-0.0246368,-20][0]
[-29,0.0353416,-20][1]
[-28,0.0565739,-20][1]
[-27,0.0152424,-20][0]
[-26,-0.0462979,-20][0]
[-25,-0.0687371,-20][0]
[-24,-0.0476998,-20][0]
[-23,-0.0138147,-20][0]
[-22,0.00729935,-20][0]
[-21,0.0142441,-20][0]
[-20,0.0136517,-20][0]
[-19,0.0107256,-20][0]
[-18,0.013482,-20][0]
[-17,0.066036,-20][0]
[-16,0.336997,-20][0]
[-15,1.16808,-20][1]
[-14,2.79782,-20][1]
[-13,4.85622,-20][0]
[-12,6.49369,-20][0]
[-11,7.23829,-20][0]
[-10,7.31722,-20][0]
[-9,7.15249,-20][0]
[-8,6.91575,-20][0]
[-7,6.54208,-20][0]
[-6,5.87564,-20][0]
[-5,5.80908,-20][0]
[-4,4.44622,-20][0]
[-3,2.09901,-20][0]
[-2,1.04911,-20][0]
[-1,0.351084,-20][0]
[0,-0.0811067,-20][1]
[1,-0.305718,-20][1]
[2,-0.34261,-20][0]
[3,-0.25561,-20][0]
[4,-0.147736,-20][0]
[5,-0.0795051,-20][0]
[6,-0.0504166,-20][0]
[7,-0.0391365,-20][0]
[8,-0.0323606,-20][0]
[9,-0.0261215,-20][0]
[10,-0.0201031,-20][0]
[11,-0.0146873,-20][0]
[12,-0.0101748,-20][0]
[13,-0.00667541,-20][0]
[14,-0.0041413,-20][0]
[15,-0.00242535,-20][0]
[16,-0.00133861,-20][0]
[17,-0.000695133,-20][0]
[18,-0.000339104,-20][0]
[19,-0.00015517,-20][0]
[20,-6.65079e-05,-20][1]
[21,-2.66648e-05,-20][1]
[22,-9.98647e-06,-20][0]
[23,-3.48902e-06,-20][0]
[24,-1.13554e-06,-20][0]
[25,-3.43767e-07,-20][0]
[26,-9.66513e-08,-20][0]
[27,-2.51933e-08,-20][0]
[28,-6.07686e-09,-20][0]
[29,-1.35358e-09,-20][0]
[30,-2.77895e-10,-20][0]
[31,-5.33477e-11,-20][0]
[32,-1.53166e-11,-20][0]
[-32,-0.13413,-21][0]
[-31,-0.0602762,-21][0]
[-30,0.0198879,-21][0]
[-29,0.163679,-21][1]
[-28,0.243068,-21][1]
[-27,0.181904,-21][0]
[-26,0.047057,-21][0]
[-25,-0.0384504,-21][0]
[-24,-0.0327545,-21][0]
[-23,0.0121567,-21][0]
[-22,0.0468318,-21][0]
[-21,0.0579004,-21][0]
[-20,0.052669,-21][0]
[-19,0.0405042,-21][0]
[-18,0.0330519,-21][0]
[-17,0.0758615,-21][0]
[-16,0.33461,-21][0]
[-15,1.14279,-21][1]
[-14,2.734,-21][1]
[-13,4.75784,-21][0]
[-12,6.39147,-21][0]
[-11,7.17239,-21][0]
[-10,6.89511,-21][0]
[-9,6.75008,-21][0]
[-8,6.90549,-21][0]
[-7,6.49403,-21][0]
[-6,5.77146,-21][0]
[-5,5.75982,-21][0]
[-4,4.38296,-21][0]
[-3,1.95199,-21][0]
[-2,0.940102,-21][0]
[-1,0.291397,-21][1]
[0,-0.0950675,-21][1]
[1,-0.286916,-21][0]
[2,-0.309004,-21][0]
[3,-0.222558,-21][0]
[4,-0.121619,-21][0]
[5,-0.060659,-21][0]
[6,-0.0361054,-21][0]
[7,-0.027346,-21][0]
[8,-0.0224323,-21][0]
[9,-0.0180132,-21][0]
[10,-0.0138042,-21][0]
[11,-0.0100532,-21][0]
[12,-0.00694981,-21][0]
[13,-0.00455494,-21][0]
[14,-0.00282588,-21][0]
[15,-0.00165664,-21][0]
[16,-0.000916074,-21][0]
[17,-0.000476985,-21][0]
[18,-0.000233467,-21][0]
[19,-0.000107251,-21][0]
[20,-4.61719e-05,-21][1]
[21,-1.86002e-05,-21][1]
[22,-7.00166e-06,-21][0]
[23,-2.45926e-06,-21][0]
[24,-8.0481e-07,-21][0]
[25,-2.45021e-07,-21][0]
[26,-6.92834e-08,-21][0]
[27,-1.8164e-08,-21][0]
[28,-4.40674e-09,-21][0]
[29,-9.87258e-10,-21][0]
[30,-2.03858e-10,-21][0]
[31,-3.93668e-11,-21][0]
[32,-1.13707e-11,-21][0]
[-32,-0.19838,-22][0]
[-31,-0.105912,-22][0]
[-30,0.00541925,-22][0]
[-29,0.221621,-22][0]
[-28,0.373916,-22][0]
[-27,0.33257,-22][0]
[-26,0.16089,-22][0]
[-25,0.0285264,-22][0]
[-24,0.0161477,-22][0]
[-23,0.0757583,-22][0]
[-22,0.131108,-22][0]
[-21,0.150072,-22][0]
[-20,0.137083,-22][0]
[-19,0.107917,-22][0]
[-18,0.0814138,-22][0]
[-17,0.106775,-22][0]
[-16,0.349035,-22][0]
[-15,1.13336,-22][1]
[-14,2.68328,-22][1]
[-13,4.65175,-22][0]
[-12,6.25902,-22][0]
[-11,7.07091,-22][0]
[-10,6.86471,-22][0]
[-9,6.77694,-22][0]
[-8,6.94766,-22][0]
[-7,6.50046,-22][0]
[-6,5.70504,-22][0]
[-5,6.02567,-22][0]
[-4,4.60532,-22][0]
[-3,1.76683,-22][0]
[-2,0.78416,-22][0]
[-1,0.188722,-22][1]
[0,-0.139768,-22][1]
[1,-0.290801,-22][1]
[2,-0.292363,-22][1]
[3,-0.200379,-22][1]
[4,-0.102464,-22][0]
[5,-0.0459902,-22][0]
[6,-0.0246989,-22][0]
[7,-0.0179499,-22][0]
[8,-0.0145835,-22][0]
[9,-0.011651,-22][0]
[10,-0.00889004,-22][0]
[11,-0.00645283,-22][0]
[12,-0.004451,-22][0]
[13,-0.00291408,-22][0]
[14,-0.001808,-22][0]
[15,-0.00106113,-22][0]
[16,-0.000588028,-22][0]
[17,-0.000307106,-22][0]
[18,-0.000150891,-22][0]
[19,-6.96281e-05,-22][0]
[20,-3.01264e-05,-22][1]
[21,-1.22032e-05,-22][1]
[22,-4.62068e-06,-22][0]
[23,-1.63299e-06,-22][0]
[24,-5.37828e-07,-22][0]
[25,-1.64814e-07,-22][0]
[26,-4.69148e-08,-22][0]
[27,-1.23826e-08,-22][0]
[28,-3.02446e-09,-22][0]
[29,-6.82169e-10,-22][0]
[30,-1.41812e-10,-22][0]
[31,-2.75755e-11,-22][0]
[32,-8.02128e-12,-22][0]
[-32,-0.298995,-23][0]
[-31,-0.218894,-23][0]
[-30,-0.112715,-23][0]
[-29,0.107595,-23][0]
[-28,0.299481,-23][0]
[-27,0.32357,-23][0]
[-26,0.193898,-23][0]
[-25,0.0658031,-23][0]
[-24,0.0515059,-23][0]
[-23,0.130192,-23][0]
[-22,0.215217,-23][0]
[-21,0.253839,-23][0]
[-20,0.242686,-23][0]
[-19,0.205455,-23][0]
[-18,0.166993,-23][0]
[-17,0.182289,-23][0]
[-16,0.414233,-23][0]
[-15,1.17201,-23][1]
[-14,2.6654,-23][1]
[-13,4.55843,-23][0]
[-12,6.10848,-23][0]
[-11,6.92279,-23][0]
[-10,7.1698,-23][0]
[-9,7.14538,-23][0]
[-8,6.95174,-23][0]
[-7,6.50145,-23][0]
[-6,6.06547,-23][0]
[-5,6.50753,-23][0]
[-4,4.61633,-23][0]
[-3,1.5625,-23][0]
[-2,0.61431,-23][0]
[-1,0.0739453,-23][1]
[0,-0.202038,-23][1]
[1,-0.314357,-23][1]
[2,-0.294423,-23][1]
[3,-0.193258,-23][1]
[4,-0.0929324,-23][1]
[5,-0.0369338,-23][1]
[6,-0.0167748,-23][1]
[7,-0.0111704,-23][1]
[8,-0.00890361,-23][0]
[9,-0.00707014,-23][0]
[10,-0.00537015,-23][0]
[11,-0.00388421,-23][0]
[12,-0.00267287,-23][1]
[13,-0.00174787,-23][1]
[14,-0.00108446,-23][1]
[15,-0.000637242,-23][1]
[16,-0.000353945,-23][1]
[17,-0.000185465,-23][0]
[18,-9.15086e-05,-23][0]
[19,-4.24367e-05,-23][0]
[20,-1.84649e-05,-23][1]
[21,-7.52579e-06,-23][1]
[22,-2.86849e-06,-23][0]
[23,-1.02083e-06,-23][0]
[24,-3.38653e-07,-23][0]
[25,-1.04553e-07,-23][0]
[26,-2.99876e-08,-23][0]
[27,-7.97578e-09,-23][0]
[28,-1.96319e-09,-23][0]
[29,-4.46233e-10,-23][0]
[30,-9.34833e-11,-23][0]
[31,-1.83232e-11,-23][0]
[32,-5.37325e-12,-23][0]
[-32,-0.425594,-24][0]
[-31,-0.382865,-24][0]
[-30,-0.314984,-24][0]
[-29,-0.161477,-24][0]
[-28,0.00334271,-24][0]
[-27,0.0784611,-24][0]
[-26,0.0347337,-24][0]
[-25,-0.0396124,-24][0]
[-24,-0.034046,-24][0]
[-23,0.0558047,-24][0]
[-22,0.173379,-24][0]
[-21,0.249569,-24][1]
[-20,0.276537,-24][1]
[-19,0.274503,-24][1]
[-18,0.270511,-24][1]
[-17,0.325237,-24][0]
[-16,0.582931,-24][1]
[-15,1.305,-24][1]
[-14,2.68143,-24][0]
[-13,4.4196,-24][0]
[-12,5.84159,-24][0]
[-11,6.59501,-24][0]
[-10,6.43701,-24][0]
[-9,6.43634,-24][0]
[-8,6.68299,-24][0]
[-7,6.2886,-24][0]
[-6,6.18115,-24][0]
[-5,6.29225,-24][0]
[-4,4.06547,-24][0]
[-3,1.32732,-24][0]
[-2,0.434562,-24][0]
[-1,-0.0485479,-24][1]
[0,-0.28126,-24][1]
[1,-0.36192,-24][0]
[2,-0.318939,-24][0]
[3,-0.20253,-24][0]
[4,-0.0930125,-24][1]
[5,-0.0329669,-24][1]
[6,-0.0119434,-24][1]
[7,-0.00670057,-24][1]
[8,-0.00511716,-24][1]
[9,-0.00402682,-24][1]
[10,-0.00304306,-24][1]
[11,-0.00219267,-24][1]
[12,-0.00150496,-24][1]
[13,-0.000982806,-24][1]
[14,-0.000609732,-24][1]
[15,-0.000358707,-24][1]
[16,-0.000199714,-24][1]
[17,-0.000105016,-24][0]
[18,-5.20491e-05,-24][0]
[19,-2.4268e-05,-24][0]
[20,-1.06245e-05,-24][1]
[21,-4.35972e-06,-24][1]
[22,-1.67391e-06,-24][0]
[23,-6.00328e-07,-24][0]
[24,-2.00765e-07,-24][0]
[25,-6.24995e-08,-24][0]
[26,-1.80789e-08,-24][0]
[27,-4.85002e-09,-24][0]
[28,-1.20421e-09,-24][0]
[29,-2.76111e-10,-24][0]
[30,-5.83499e-11,-24][0]
[31,-1.15402e-11,-24][0]
[32,-3.41531e-12,-24][0]
[-32,-0.558892,-25][0]
[-31,-0.557696,-25][0]
[-30,-0.535537,-25][0]
[-29,-0.475091,-25][0]
[-28,-0.393623,-25][0]
[-27,-0.334126,-25][0]
[-26,-0.322398,-25][0]
[-25,-0.332735,-25][0]
[-24,-0.316045,-25][0]
[-23,-0.228651,-25][0]
[-22,-0.102077,-25][0]
[-21,0.0290974,-25][1]
[-20,0.137823,-25][1]
[-19,0.227568,-25][1]
[-18,0.328826,-25][1]
[-17,0.496991,-25][0]
[-16,0.83031,-25][1]
[-15,1.49976,-25][1]
[-14,2.64088,-25][0]
[-13,4.05902,-25][0]
[-12,6.72626,-25][0]
[-11,7.6414,-25][0]
[-10,4.82278,-25][0]
[-9,4.60694,-25][0]
[-8,6.99587,-25][0]
[-7,6.70382,-25][0]
[-6,5.80615,-25][0]
[-5,6.50507,-25][0]
[-4,4.56057,-25][0]
[-3,1.31293,-25][0]
[-2,0.707126,-25][0]
[-1,0.289144,-25][0]
[0,-0.401102,-25][0]
[1,-0.448996,-25][0]
[2,-0.373814,-25][0]
[3,-0.228723,-25][0]
[4,-0.100765,-25][0]
[5,-0.0325947,-25][0]
[6,-0.0093495,-25][0]
[7,-0.00398315,-25][1]
[8,-0.00278043,-25][1]
[9,-0.00215409,-25][1]
[10,-0.0016179,-25][1]
[11,-0.00116086,-25][1]
[12,-0.000794473,-25][1]
[13,-0.000518007,-25][0]
[14,-0.000321288,-25][0]
[15,-0.000189218,-25][0]
[16,-0.0001056,-25][1]
[17,-5.57288e-05,-25][1]
[18,-2.77518e-05,-25][1]
[19,-1.30136e-05,-25][1]
[20,-5.73504e-06,-25][1]
[21,-2.37067e-06,-25][1]
[22,-9.17476e-07,-25][0]
[23,-3.31833e-07,-25][0]
[24,-1.11959e-07,-25][0]
[25,-3.51743e-08,-25][0]
[26,-1.02706e-08,-25][0]
[27,-2.78172e-09,-25][0]
[28,-6.97366e-10,-25][0]
[29,-1.61455e-10,-25][0]
[30,-3.44529e-11,-25][0]
[31,-6.88283e-12,-25][0]
[32,-2.05795e-12,-25][0]
[-32,-0.683658,-26][0]
[-31,-0.712563,-26][0]
[-30,-0.723677,-26][0]
[-29,-0.741671,-26][1]
[-28,-0.754916,-26][1]
[-27,-0.759006,-26][0]
[-26,-0.75417,-26][0]
[-25,-0.744883,-26][0]
[-24,-0.723328,-26][0]
[-23,-0.669601,-26][0]
[-22,-0.547429,-26][0]
[-21,-0.367439,-26][0]
[-20,-0.169624,-26][0]
[-19,0.0277906,-26][0]
[-18,0.256435,-26][1]
[-17,0.553564,-26][1]
[-16,0.951016,-26][0]
[-15,1.52583,-26][0]
[-14,2.34264,-26][0]
[-13,3.29291,-26][0]
[-12,5.69926,-26][0]
[-11,6.42388,-26][0]
[-10,3.73009,-26][0]
[-9,3.40467,-26][0]
[-8,5.54331,-26][0]
[-7,5.36205,-26][0]
[-6,5.0417,-26][0]
[-5,5.46714,-26][0]
[-4,3.34855,-26][0]
[-3,1.07845,-26][0]
[-2,0.591802,-26][0]
[-1,0.055634,-26][0]
[0,-0.574557,-26][0]
[1,-0.571372,-26][0]
[2,-0.447346,-26][0]
[3,-0.262536,-26][0]
[4,-0.11117,-26][0]
[5,-0.0337342,-26][0]
[6,-0.00807444,-26][0]
[7,-0.00244181,-26][0]
[8,-0.00143979,-26][0]
[9,-0.00108372,-26][0]
[10,-0.000807375,-26][0]
[11,-0.000576442,-26][0]
[12,-0.000393211,-26][0]
[13,-0.000255895,-26][0]
[14,-0.000158635,-26][0]
[15,-9.3509e-05,-26][0]
[16,-5.23051e-05,-26][1]
[17,-2.77031e-05,-26][1]
[18,-1.38627e-05,-26][1]
[19,-6.53955e-06,-26][1]
[20,-2.90207e-06,-26][0]
[21,-1.20901e-06,-26][0]
[22,-4.71907e-07,-26][0]
[23,-1.72242e-07,-26][0]
[24,-5.86741e-08,-26][0]
[25,-1.86184e-08,-26][0]
[26,-5.49245e-09,-26][0]
[27,-1.50324e-09,-26][0]
[28,-3.80871e-10,-26][0]
[29,-8.9126e-11,-26][0]
[30,-1.92237e-11,-26][0]
[31,-3.88338e-12,-26][0]
[32,-1.17438e-12,-26][0]
[-32,-0.793667,-27][0]
[-31,-0.839462,-27][0]
[-30,-0.868875,-27][0]
[-29,-0.934463,-27][1]
[-28,-1.01539,-27][1]
[-27,-1.08685,-27][1]
[-26,-1.13028,-27][1]
[-25,-1.14391,-27][0]
[-24,-1.13897,-27][0]
[-23,-1.09839,-27][0]
[-22,-0.980505,-27][0]
[-21,-0.775231,-27][0]
[-20,-0.527364,-27][0]
[-19,-0.266096,-27][0]
[-18,0.026489,-27][1]
[-17,0.364942,-27][1]
[-16,0.739244,-27][0]
[-15,1.15397,-27][0]
[-14,1.63951,-27][0]
[-13,2.1639,-27][0]
[-12,2.69536,-27][0]
[-11,2.63317,-27][0]
[-10,2.49233,-27][0]
[-9,2.69121,-27][0]
[-8,2.78996,-27][0]
[-7,2.7094,-27][0]
[-6,3.07996,-27][0]
[-5,2.49826,-27][0]
[-4,0.884797,-27][0]
[-3,0.236985,-27][0]
[-2,-0.310441,-27][0]
[-1,-0.745954,-27][0]
[0,-0.782547,-27][0]
[1,-0.696325,-27][0]
[2,-0.511534,-27][0]
[3,-0.288366,-27][0]
[4,-0.118606,-27][0]
[5,-0.0346677,-27][0]
[6,-0.00742276,-27][0]
[7,-0.00161262,-27][0]
[8,-0.000721731,-27][0]
[9,-0.000514211,-27][0]
[10,-0.000378493,-27][0]
[11,-0.000268541,-27][0]
[12,-0.000182459,-27][0]
[13,-0.000118466,-27][0]
[14,-7.33774e-05,-27][0]
[15,-4.32797e-05,-27][0]
[16,-2.42593e-05,-27][0]
[17,-1.2894e-05,-27][0]
[18,-6.48368e-06,-27][0]
[19,-3.07735e-06,-27][0]
[20,-1.37554e-06,-27][0]
[21,-5.77772e-07,-27][0]
[22,-2.27562e-07,-27][0]
[23,-8.38693e-08,-27][0]
[24,-2.88655e-08,-27][0]
[25,-9.25846e-09,-27][0]
[26,-2.76174e-09,-27][0]
[27,-7.64502e-10,-27][0]
[28,-1.95949e-10,-27][0]
[29,-4.63911e-11,-27][0]
[30,-1.01243e-11,-27][0]
[31,-2.07036e-12,-27][0]
[32,-6.33964e-13,-27][0]
[-32,-0.886211,-28][0]
[-31,-0.940047,-28][0]
[-30,-0.977608,-28][0]
[-29,-1.06484,-28][0]
[-28,-1.18266,-28][0]
[-27,-1.30493,-28][1]
[-26,-1.40333,-28][1]
[-25,-1.46045,-28][0]
[-24,-1.46993,-28][0]
[-23,-1.41747,-28][0]
[-22,-1.28222,-28][0]
[-21,-1.06967,-28][0]
[-20,-0.816211,-28][0]
[-19,-0.551563,-28][0]
[-18,-0.277817,-28][0]
[-17,0.00113875,-28][0]
[-16,0.261932,-28][0]
[-15,0.496849,-28][0]
[-14,0.720952,-28][0]
[-13,0.934546,-28][0]
[-12,1.10337,-28][0]
[-11,0.89621,-28][0]
[-10,0.93944,-28][0]
[-9,1.28624,-28][0]
[-8,1.351,-28][0]
[-7,1.36374,-28][0]
[-6,1.19675,-28][0]
[-5,0.762368,-28][0]
[-4,0.122622,-28][0]
[-3,-0.508859,-28][0]
[-2,-0.921414,-28][0]
[-1,-1.05277,-28][0]
[0,-0.983991,-28][0]
[1,-0.806337,-28][0]
[2,-0.559535,-28][0]
[3,-0.305386,-28][0]
[4,-0.123207,-28][0]
[5,-0.0352916,-28][0]
[6,-0.00709017,-28][0]
[7,-0.0011883,-28][0]
[8,-0.000361254,-28][0]
[9,-0.000231589,-28][0]
[10,-0.00016706,-28][0]
[11,-0.000117459,-28][0]
[12,-7.93947e-05,-28][0]
[13,-5.1395e-05,-28][0]
[14,-3.17921e-05,-28][0]
[15,-1.87562e-05,-28][0]
[16,-1.05321e-05,-28][0]
[17,-5.61642e-06,-28][0]
[18,-2.83768e-06,-28][0]
[19,-1.35515e-06,-28][0]
[20,-6.10226e-07,-28][0]
[21,-2.58499e-07,-28][0]
[22,-1.02779e-07,-28][0]
[23,-3.827e-08,-28][0]
[24,-1.33162e-08,-28][0]
[25,-4.32041e-09,-28][0]
[26,-1.3042e-09,-28][0]
[27,-3.65475e-10,-28][0]
[28,-9.48523e-11,-28][0]
[29,-2.27424e-11,-28][0]
[30,-5.02711e-12,-28][0]
[31,-1.04184e-12,-28][0]
[32,-3.23408e-13,-28][0]
[-32,-0.956867,-29][0]
[-31,-1.01272,-29][0]
[-30,-1.0532,-29][0]
[-29,-1.14962,-29][0]
[-28,-1.28794,-29][0]
[-27,-1.44631,-29][0]
[-26,-1.59247,-29][0]
[-25,-1.68848,-29][0]
[-24,-1.70272,-29][0]
[-23,-1.62177,-29][1]
[-22,-1.45537,-29][1]
[-21,-1.2329,-29][0]
[-20,-0.989999,-29][0]
[-19,-0.751864,-29][0]
[-18,-0.532712,-29][0]
[-17,-0.348214,-29][0]
[-16,-0.214628,-29][0]
[-15,-0.132903,-29][0]
[-14,-0.0849618,-29][0]
[-13,-0.0566117,-29][0]
[-12,-0.0469113,-29][0]
[-11,-0.0430654,-29][0]
[-10,-0.00823613,-29][0]
[-9,0.085922,-29][0]
[-8,0.217053,-29][0]
[-7,0.30977,-29][0]
[-6,0.262672,-29][0]
[-5,-0.00266857,-29][0]
[-4,-0.447363,-29][0]
[-3,-0.90616,-29][0]
[-2,-1.20098,-29][0]
[-1,-1.2601,-29][0]
[0,-1.14036,-29][0]
[1,-0.912409,-29][0]
[2,-0.617909,-29][0]
[3,-0.330298,-29][0]
[4,-0.131125,-29][0]
[5,-0.0368496,-29][0]
[6,-0.00711525,-29][0]
[7,-0.000997081,-29][0]
[8,-0.000191634,-29][0]
[9,-0.000100562,-29][0]
[10,-6.98655e-05,-29][0]
[11,-4.83705e-05,-29][0]
[12,-3.24384e-05,-29][0]
[13,-2.09092e-05,-29][0]
[14,-1.29077e-05,-29][0]
[15,-7.61298e-06,-29][0]
[16,-4.28071e-06,-29][0]
[17,-2.28959e-06,-29][0]
[18,-1.1621e-06,-29][0]
[19,-5.58343e-07,-29][0]
[20,-2.53303e-07,-29][0]
[21,-1.0824e-07,-29][0]
[22,-4.34595e-08,-29][0]
[23,-1.63571e-08,-29][0]
[24,-5.75762e-09,-29][0]
[25,-1.89101e-09,-29][0]
[26,-5.78166e-10,-29][0]
[27,-1.6417e-10,-29][0]
[28,-4.31871e-11,-29][0]
[29,-1.04982e-11,-29][0]
[30,-2.3532e-12,-29][0]
[31,-4.94887e-13,-29][0]
[32,-1.5595e-13,-29][0]
[-32,-1.00214,-30][0]
[-31,-1.05607,-30][0]
[-30,-1.09772,-30][0]
[-29,-1.20001,-30][0]
[-28,-1.35307,-30][0]
[-27,-1.53866,-30][0]
[-26,-1.72085,-30][0]
[-25,-1.84383,-30][0]
[-24,-1.85593,-30][0]
[-23,-1.74463,-30][1]
[-22,-1.54374,-30][1]
[-21,-1.30454,-30][0]
[-20,-1.06618,-30][0]
[-19,-0.851756,-30][0]
[-18,-0.679,-30][0]
[-17,-0.566194,-30][0]
[-16,-0.523295,-30][1]
[-15,-0.538956,-30][1]
[-14,-0.588963,-30][0]
[-13,-0.659309,-30][0]
[-12,-0.741838,-30][0]
[-11,-0.799668,-30][0]
[-10,-0.773489,-30][0]
[-9,-1.5419,-30][0]
[-8,-1.35473,-30][0]
[-7,-0.302142,-30][0]
[-6,-0.271421,-30][0]
[-5,-0.416939,-30][0]
[-4,-0.723832,-30][0]
[-3,-1.06318,-30][0]
[-2,-1.27433,-30][0]
[-1,-1.31495,-30][0]
[0,-1.22389,-30][0]
[1,-1.01176,-30][0]
[2,-0.695883,-30][0]
[3,-0.371224,-30][0]
[4,-0.145539,-30][0]
[5,-0.0403607,-30][0]
[6,-0.00756823,-30][0]
[7,-0.000950821,-30][0]
[8,-0.000118136,-30][0]
[9,-4.38946e-05,-30][0]
[10,-2.82812e-05,-30][0]
[11,-1.8985e-05,-30][0]
[12,-1.2547e-05,-30][0]
[13,-8.0292e-06,-30][0]
[14,-4.93944e-06,-30][0]
[15,-2.91007e-06,-30][0]
[16,-1.63761e-06,-30][0]
[17,-8.78147e-07,-30][0]
[18,-4.4763e-07,-30][0]
[19,-2.16354e-07,-30][0]
[20,-9.88954e-08,-30][0]
[21,-4.26405e-08,-30][0]
[22,-1.72975e-08,-30][0]
[23,-6.58518e-09,-30][0]
[24,-2.3469e-09,-30][0]
[25,-7.81095e-10,-30][0]
[26,-2.42175e-10,-30][0]
[27,-6.9774e-11,-30][0]
[28,-1.8633e-11,-30][0]
[29,-4.59977e-12,-30][0]
[30,-1.04741e-12,-30][0]
[31,-2.2398e-13,-30][0]
[32,-7.18085e-14,-30][0]
[-32,-1.02528,-31][0]
[-31,-1.07608,-31][0]
[-30,-1.1186,-31][0]
[-29,-1.22549,-31][0]
[-28,-1.38934,-31][0]
[-27,-1.59324,-31][0]
[-26,-1.79727,-31][0]
[-25,-1.93485,-31][0]
[-24,-1.94294,-31][0]
[-23,-1.81009,-31][0]
[-22,-1.58391,-31][0]
[-21,-1.32857,-31][0]
[-20,-1.08798,-31][0]
[-19,-0.884747,-31][0]
[-18,-0.736594,-31][0]
[-17,-0.661005,-31][0]
[-16,-0.662209,-31][1]
[-15,-0.721251,-31][1]
[-14,-0.812537,-31][0]
[-13,-0.92972,-31][0]
[-12,-1.2652,-31][0]
[-11,-1.76459,-31][0]
[-10,-1.54617,-31][0]
[-9,-2.18866,-31][0]
[-8,-1.96432,-31][0]
[-7,-0.576891,-31][0]
[-6,-0.499974,-31][0]
[-5,-0.569976,-31][0]
[-4,-0.779799,-31][0]
[-3,-1.03709,-31][0]
[-2,-1.2138,-31][0]
[-1,-1.27095,-31][0]
[0,-1.23262,-31][0]
[1,-1.06941,-31][0]
[2,-0.760319,-31][0]
[3,-0.412043,-31][0]
[4,-0.162911,-31][0]
[5,-0.0450279,-31][0]
[6,-0.00834898,-31][0]
[7,-0.000993427,-31][0]
[8,-9.15321e-05,-31][0]
[9,-2.16263e-05,-31][0]
[10,-1.21055e-05,-31][0]
[11,-7.61923e-06,-31][0]
[12,-4.88326e-06,-31][0]
[13,-3.08026e-06,-31][0]
[14,-1.8824e-06,-31][0]
[15,-1.10614e-06,-31][0]
[16,-6.22481e-07,-31][0]
[17,-3.34528e-07,-31][0]
[18,-1.71247e-07,-31][0]
[19,-8.32857e-08,-31][0]
[20,-3.83811e-08,-31][0]
[21,-1.67141e-08,-31][0]
[22,-6.85937e-09,-31][0]
[23,-2.64581e-09,-31][0]
[24,-9.5665e-10,-31][0]
[25,-3.23395e-10,-31][0]
[26,-1.01945e-10,-31][0]
[27,-2.98887e-11,-31][0]
[28,-8.128e-12,-31][0]
[29,-2.04448e-12,-31][0]
[30,-4.74618e-13,-31][0]
[31,-1.03633e-13,-31][0]
[32,-3.39744e-14,-31][0]
[-32,-1.03511,-32][0]
[-31,-1.08396,-32][0]
[-30,-1.12617,-32][0]
[-29,-1.23511,-32][0]
[-28,-1.40349,-32][0]
[-27,-1.61403,-32][0]
[-26,-1.82451,-32][0]
[-25,-1.96461,-32][0]
[-24,-1.97019,-32][0]
[-23,-1.8308,-32][0]
[-22,-1.59621,-32][0]
[-21,-1.33438,-32][0]
[-20,-1.09174,-32][0]
[-19,-0.891673,-32][0]
[-18,-0.751646,-32][0]
[-17,-0.687696,-32][0]
[-16,-0.70085,-32][0]
[-15,-0.769661,-32][0]
[-14,-0.871876,-32][0]
[-13,-1.00521,-32][0]
[-12,-1.3598,-32][0]
[-11,-1.87257,-32][0]
[-10,-1.65652,-32][0]
[-9,-1.39142,-32][0]
[-8,-1.15521,-32][0]
[-7,-0.655792,-32][0]
[-6,-0.562259,-32][0]
[-5,-0.604844,-32][0]
[-4,-0.771789,-32][0]
[-3,-0.988546,-32][0]
[-2,-1.15544,-32][0]
[-1,-1.23104,-32][0]
[0,-1.2166,-32][0]
[1,-1.07443,-32][0]
[2,-0.782515,-32][0]
[3,-0.435418,-32][0]
[4,-0.175293,-32][0]
[5,-0.0492031,-32][0]
[6,-0.00919024,-32][0]
[7,-0.00108364,-32][0]
[8,-8.88045e-05,-32][0]
[9,-1.55207e-05,-32][0]
[10,-7.60248e-06,-32][0]
[11,-4.45103e-06,-32][0]
[12,-2.74908e-06,-32][0]
[13,-1.70429e-06,-32][0]
[14,-1.03371e-06,-32][0]
[15,-6.05774e-07,-32][0]
[16,-3.40913e-07,-32][0]
[17,-1.83595e-07,-32][0]
[18,-9.43563e-08,-32][0]
[19,-4.61558e-08,-32][0]
[20,-2.14312e-08,-32][0]
[21,-9.41925e-09,-32][0]
[22,-3.90749e-09,-32][0]
[23,-1.52567e-09,-32][0]
[24,-5.59089e-10,-32][0]
[25,-1.91757e-10,-32][0]
[26,-6.13852e-11,-32][0]
[27,-1.82898e-11,-32][0]
[28,-5.05761e-12,-32][0]
[29,-1.29421e-12,-32][0]
[30,-3.05773e-13,-32][0]
[31,-6.80481e-14,-32][0]
[32,-2.33277e-14,-32][0]
