[61.2033,6.20006,-15.8774][0,0.697816,0,0.716277][1,1,1][0,0,0][40.473,7.96669,5.01675][1]
[58.9621,6.30003,36.593][0,0.629326,0,0.777141][1,1,1][0,0,0][13.3335,7.71679,4.9001][1]
[52.3486,6.10299,51.2431][0,0.511277,0,0.859416][1,1,1][0,0,0][14.3835,8.10187,4.16679][1]
[-47.443,8.00014,48.8858][0,0.938192,0,0.346116][1,1,1][0,0,0][20.1001,7.96683,4.23343][1]
[-60.5914,7.20027,-3.75883][0,0,0,1][1,1,1][0,0,0][6.4501,7.98353,41.6339][1]
[-52.3819,7.10016,-54.3259][0,0.358377,0,0.933577][1,1,1][0,0,0][12.4335,8.65028,5.21678][1]
[1.99077,7.30021,-65.5502][0,0,0,1][1,1,1][0,0,0][46.3169,8.91686,5.05014][1]
[54.616,6.10101,-59.7508][0,0.891021,0,0.453962][1,1,1][0,0,0][13.1336,8.66691,4.90033][1]
[8.64609,10.8738,-63.0909][-0.0653959,0,0,0.997859][1,1,1][0,0,0][9.83357,3.48363,4.61676][1]
[17.5667,4.80025,-58.6789][0,0.629318,0,0.777148][1,1,1][0,0,0][5.70011,6.66681,1.25001][1]
[-1.3203,6.50017,-59.4271][0,-0.649472,0,0.760386][1,1,1][0,0,0][5.28347,6.63353,0.950011][1]
[13.5124,4.30008,-54.9699][0,0,0,1][1,1,1][0,0,0][2.36669,6.851,1][1]
[1.97972,5.20017,-56.9318][0,0,0,1][1,1,1][0,0,0][2.88337,5.2668,1][1]
[-2.78204,5.40029,-20.1312][0,0,0,1][1,1,1][0,0,0][0.933317,5.46682,1][1]
[16.4226,2.99965,-19.353][0,0,0,1][1,1,1][0,0,0][3.6667,3.7834,4.96675][1]
[-17.7892,1.40004,-33.781][0,0,0,1][1,1,1][0,0,0][4.20004,2.90005,4.65016][1]
[-34.0448,0,-35.7348][0,0,0,1][1,1,1][0,0,0][2.08335,2.05026,1.33335][1]
[-43.8407,2.20002,-37.5922][0,0,0,1][1,1,1][0,0,0][3.76673,2.53338,3.70011][1]
[-35.1479,4.0034,-41.3169][0,0,0,1][1,1,1][0,0,0][0.599996,4.01946,1][1]
[37.3985,2.10004,-44.7266][0,0,0,1][1,1,1][0,0,0][3.58337,3.90013,5.80677][1]
[37.2308,2.00002,-36.2383][0,0,0,1][1,1,1][0,0,0][0.533325,2.11669,0.399994][1]
[46.051,2.69997,-53.7073][0,0,0,1][1,1,1][0,0,0][3.33339,3.21673,3.08341][1]
[33.4526,2.30002,3.9466][0,0,0,1][1,1,1][0,0,0][0.483328,1.61669,0.799998][1]
[36.5422,12.9006,17.0519][0,0,0,1][1,1,1][0,0,0][4.65008,13.4504,7.00021][1]
[-36.1276,1.9001,9.15935][0,0,0,1][1,1,1][0,0,0][1.73799,2.83337,1.6667][1]
[-37.0047,13.0003,18.4969][0,0,0,1][1,1,1][0,0,0][4.6383,13.2337,5.0001][1]
[-36.4361,4.60007,49.1184][0,-0.156434,0,0.987688][1,1,1][0,0,0][6.25012,4.6001,4.3834][1]
[6.08325,4.40024,-51.4145][0,0,0,1][1,1,1][0,0,0][0.383358,4.2001,6.65024][1]
[11.1179,5.34307,-50.6386][0,0,0,1][1,1,1][0,0,0][0.283303,5.61679,5.75014][1]
[9.4534,9.00018,-53.8426][0,0,0,1][1,1,1][0,0,0][3.88342,0.283322,4.46677][1]
[6.43136,6.10021,59.9655][0,-0.0130979,0,0.999914][1,1,1][0,0,0][39.8861,8.11685,4.26676][1]
