[-21.3919,4.86337,-24.3355][0,0.0784586,0,0.996917][1,1,1][0,0,0][8.08343,4.95007,0.333327][1]
[-29.5191,5.46566,-19.1823][0,-0.0130895,0,0.999914][1,1,1][0,0,0][0.433328,5.43341,3.85004][1]
[-27.6998,4.99972,-13.7022][0,0.406734,0,0.913547][1,1,1][0,0,0][0.383327,5.16672,2.83336][1]
[-26.0066,4.03104,-9.36341][0.040573,-0.104422,-0.00638161,0.993685][1,1,1][0,0,0][0.283326,4.30004,2.51669][1]
[-7.15056,7.03204,5.25588][0.0131872,0.0130452,0.00495434,0.999816][1,1,1][0,0,0][2.46673,0.0666678,2.5334][0]
[-7.27418,6.41647,9.74752][0.117537,0,0,0.993068][1,1,1][0,0,0][2.58344,0.0999276,2.20006][0]
[-7.00157,6.75837,0.788427][-0.104525,-0.0130132,-0.00136782,0.994436][1,1,1][0,0,0][2.55008,0.0999475,1.96672][0]
[-25.2595,4.30094,-2.03278][0,0.0915007,0,0.995805][1,1,1][0,0,0][0.283325,4.46676,5.33348][1]
[-12.2113,6.31468,-12.0577][0,0,0,1][1,1,1][0,0,0][2.18344,0.150002,14.5171][0]
[-11.2371,2.08886,13.9649][0,-0.0523356,0,0.99863][1,1,1][0,0,0][0.816654,2.95011,4.61679][1]
[-19.7425,1.5578,22.5078][-0.141906,0.960591,-0.0809211,-0.224898][1,1,1][0,0,0][4.71679,1.68335,0.950006][0]
[-13.9119,2.86089,19.6916][-0.0324615,0.187987,0.167511,0.967237][1,1,1][0,0,0][2.63339,2.15002,0.999996][0]
[-25.8601,3.81444,5.22488][0.00601306,-0.301385,0.00812207,0.953449][1,1,1][0,0,0][0.216658,3.78345,2.68341][1]
[-3.26361,2.91169,-22.7783][-0.0114765,0.0408546,-0.0157201,0.998975][1,1,1][0,0,0][1.46667,3.2167,2.58335][0]
[-3.15247,2.44296,-11.414][-0.0155321,0.0112046,-0.0234903,0.999541][1,1,1][0,0,0][2.11669,2.83336,13.3667][1]
[-6.54944,3.31866,2.09775][-1.80533e-09,0.246152,-4.58493e-10,0.969231][1,1,1][0,0,0][2.36674,1.81668,0.266647][1]
[-9.66041,2.78626,2.54523][-0.0125727,-0.220683,0.00260648,0.975261][1,1,1][0,0,0][1.38335,2.18336,0.233315][1]
[-6.74137,2.73346,8.91924][0,0,0,1][1,1,1][0,0,0][3.00007,2.33335,1.05][1]
[-1.5528,5.43054,23.9795][0.0635957,-0.232944,0.0152679,0.970288][1,1,1][0,0,0][5.10026,0.183323,4.46677][1]
[-0.67991,8.11447,18.7247][0,-0.195086,0,0.980786][1,1,1][0,0,0][3.26671,2.00001,0.199987][1]
[-3.62584,7.64472,15.5726][0.0130833,8.38271e-09,-1.47222e-08,0.999914][1,1,1][0,0,0][0.199992,1.81668,2.13335][1]
[-2.45499,7.78545,12.5568][0,-0.321456,0,0.946924][1,1,1][0,0,0][0.150002,1.60001,1.95001][1]
[-3.1004,5.47738,10.5848][0,-0.271439,0,0.962456][1,1,1][0,0,0][1.96669,0.133325,1.66668][0]
[-0.964679,7.91443,27.3516][0.0260343,0.104492,-0.00273629,0.994181][1,1,1][0,0,0][3.96683,3.33342,0.733341][1]
[4.32341,5.1915,27.121][0,-0.258817,0,0.965926][1,1,1][0,0,0][1.9001,5.26681,0.233313][1]
[8.94197,4.99376,28.8503][0,-0.0654027,0,0.997859][1,1,1][0,0,0][3.11671,4.91686,0.366638][1]
[14.2626,4.58025,28.1136][0,0.233547,0,0.972345][1,1,1][0,0,0][2.68338,4.76673,0.283336][1]
[17.2525,4.30983,28.0206][0,-0.488618,0,0.872498][1,1,1][0,0,0][1.33334,4.51674,0.233308][1]
[20.1223,4.30064,28.8961][-0.0130974,-0.0130974,0.0001711,0.999828][1,1,1][0,0,0][2.35011,4.66672,0.183313][1]
[22.0372,4.58987,25.2915][0.0128757,0.013481,0.112964,0.993424][1,1,1][0,0,0][0.233212,4.85019,5.76675][1]
[21.033,2.89375,17.347][0.00303947,0.345736,0.0105051,0.938268][1,1,1][0,0,0][0.366642,3.08337,2.61695][1]
[-27.4522,3.79959,10.3014][0,-0.0523356,0,0.99863][1,1,1][0,0,0][0.116684,3.61678,2.88342][1]
[-27.1534,3.86001,15.7474][-0.00145207,0.182282,-0.0163028,0.98311][1,1,1][0,0,0][0.28339,3.53339,2.80003][1]
[-26.7876,4.04914,18.9302][0,-0.382681,0,0.92388][1,1,1][0,0,0][0.166658,3.7167,0.949994][1]
[-27.5628,4.89572,24.0378][0,-0.0130895,0,0.999914][1,1,1][0,0,0][0.316678,4.16671,5.41675][1]
[-25.5977,4.95609,30.1435][0.00567145,-0.405857,0.0162727,0.913774][1,1,1][0,0,0][2.20008,4.40009,1.25003][1]
[-19.1914,5.24223,30.2029][0,0.0523356,0,0.99863][1,1,1][0,0,0][4.46653,4.26673,0.283326][1]
[-13.2227,5.33284,28.9733][0.104557,0.374837,0.0807664,0.917628][1,1,1][0,0,0][2.30008,3.88346,0.283336][1]
[-7.67613,7.03094,28.2171][0.104519,-0.0130397,0.00137052,0.994436][1,1,1][0,0,0][4.43342,3.60004,0.566654][1]
[-11.623,7.32514,-21.5484][0.565686,-0.156839,-0.153173,0.794946][1,1,1][0,0,0][0.700014,1.29997,2.88336][1]
[-6.63641,7.32203,-21.1513][-0.21784,0.535459,0.0582812,0.8139][1,1,1][0,0,0][1.26667,3.06661,0.649923][1]
[-9.31463,10.007,-24.7973][0,0,0,1][1,1,1][0,0,0][2.26668,0.216615,3.4336][1]
[-9.02481,7.08137,-25.245][0,0,0,1][1,1,1][0,0,0][1.38334,1.95001,0.816656][1]
[-5.00638,7.36224,-24.0264][0.55418,0.0046885,0.262837,0.789797][1,1,1][0,0,0][0.466461,2.25005,2.65011][1]
[-1.18724,5.1307,-24.7742][-0.0379307,-0.207715,-0.00981047,0.977404][1,1,1][0,0,0][2.65002,5.46678,0.216659][1]
[-1.95703,2.78913,10.5447][0,-0.156431,0,0.987689][1,1,1][0,0,0][2.45008,2.18336,0.3][1]
[-0.384832,2.59744,12.1423][0,-0.296543,0,0.95502][1,1,1][0,0,0][0.199965,2.33337,1.43346][1]
[-0.517359,2.61139,15.6644][0.784249,-0.162955,-0.598487,-0.0145775][1,1,1][0,0,0][0.183344,1.93336,2.18338][1]
[1.22549,1.75273,17.39][-0.105211,0.193806,-0.0528946,0.973947][1,1,1][0,0,0][0.0999819,2.11677,1.48335][1]
[2.96754,2.20407,22.8108][-0.0381197,0.167617,-0.0794551,0.981905][1,1,1][0,0,0][0.349983,2.3667,4.56677][1]
[19.7475,3.30017,13.8602][0,-0.117537,0,0.993068][1,1,1][0,0,0][0.233334,3.68349,1.95002][1]
[19.3997,3.44243,6.06119][-0.0130268,0.066522,0.0192249,0.997515][1,1,1][0,0,0][0.599861,4.90028,6.40019][1]
[19.667,3.40005,-1.83114][0,-0.296545,0,0.955019][1,1,1][0,0,0][0.583337,5.13342,2.30002][1]
[21.3031,4.2995,-7.24894][0,-0.0523356,0,0.99863][1,1,1][0,0,0][0.533332,4.5334,3.53336][1]
[21.0347,3.50301,-13.1255][0.00769176,0.208534,-0.0168347,0.97784][1,1,1][0,0,0][0.433308,4.41672,3.06676][1]
[20.4287,2.99893,-16.194][0,-0.430509,0,0.902586][1,1,1][0,0,0][0.366619,3.40006,1.25001][1]
[20.9831,2.99989,-21.2751][0,0,0,1][1,1,1][0,0,0][0.149954,3.46678,4.00009][1]
[18.7943,3.29962,-25.4468][0,-0.130525,0,0.991445][1,1,1][0,0,0][2.65005,3.76679,0.433292][1]
[15.1425,3.39539,-25.0006][0,0.453993,0,0.891005][1,1,1][0,0,0][1.76668,3.66673,0.466656][1]
[12.6086,3.99357,-24.3945][0,-0.246152,0,0.969231][1,1,1][0,0,0][2.21669,5.36678,0.349986][1]
[5.91377,3.48212,-24.4418][7.6434e-06,0.0915004,-1.31423e-06,0.995805][1,1,1][0,0,0][5.10012,4.9668,0.399983][1]
[-9.14667,7.62907,-23.2236][-0.0261768,0,0,0.999657][1,1,1][0,0,0][1,1,1][0]
[-3.20301,5.51233,-11.2485][-0.0130884,0.0130884,-0.000171335,0.999829][1,1,1][0,0,0][2.03338,0.116649,12.8338][0]
[-12.343,3.00516,-12.4488][0,0,0,1][1,1,1][0,0,0][2.16671,3.06671,15][1]
[-11.3304,5.3856,13.8931][0,-0.0523421,0,0.998629][1,1,1][0,0,0][0.949999,0.133322,4.66686][0]
