[..\..\Resources\Meshes\rocks\aridrock.X][-31.1562,0,0.211037][0,-0.697786,0,0.716306][0.019166,0.00999925,0.0108329]
[..\..\Resources\Meshes\rocks\aridrock.X][-0.66731,-1.00002,33.6651][0,0,0,1][0.0183324,0.0108323,0.0166632]
[..\..\Resources\Meshes\rocks\aridrock.X][25.151,0.499945,3.06286][-0.145079,0.700646,0.148926,0.682545][0.0199996,0.00999868,0.0116684]
[..\..\Resources\Meshes\rocks\aridrock.X][0.415161,-0.500006,-34.2365][0,0,0,1][0.0191663,0.00999694,0.0141662]
[..\..\Resources\Meshes\rocks\AridRock_Cliff_01.X][-0.560523,0.300003,19.4263][0,0,0,1][0.00499945,0.00499945,0.00499945]
[..\..\Resources\Meshes\rocks\aridrock.X][-2.33044,-2.28882e-05,-13.0268][0,-0.697788,0,0.716304][0.00916617,0.00499945,0.00416611]
[..\..\Resources\Meshes\rocks\aridrock.X][-8.39284,-0.300339,1.71339][0,0.99863,0,-0.0523347][0.00333247,0.00499916,0.00333247]
[..\..\Resources\Meshes\rocks\aridrock.X][-11.9024,0.0728375,-11.6884][0,-0.697788,0,0.716304][0.00833282,0.00499945,0.00416611]
[..\..\Resources\Meshes\rocks\barrens_rocks_bridge.X][-7.50255,4.67695,4.87073][0,-0.678798,0,0.734325][0.00733281,0.00599946,0.00866616]
[..\..\Resources\Meshes\rocks\aridrock.X][-7.73654,0.664033,9.28401][0,0.143492,0,0.989651][0.00249942,0.00416585,0.00333276]
[..\..\Resources\Meshes\rocks\aridrock.X][-17.1576,-1.33519,21.7667][-0.080929,0.213443,0.153187,0.961471][0.00416611,0.00416611,0.00249942]
[..\..\Resources\Meshes\rocks\aridrock.X][-11.1376,-0.077888,15.4233][-0.0164737,-0.776876,-0.0203431,0.629109][0.00216611,0.0043328,0.00233278]
[..\..\Resources\Meshes\rocks\skagden_sm_01.X][-9.04643,5.79687,-22.6497][0,-0.743141,0,0.669135][0.0158334,0.0180001,0.0143334]
