[..\..\Resources\Meshes\rocks\arid_cliff2.X][9.50425,7.62939e-06,-14.5159][0,0,0,1][0.00116668,0,0]
[..\..\Resources\Meshes\rocks\aridrock.X][1.53863,0,58.889][0,0,0,1][0.0105,0.0101667,0.0105]
[..\..\Resources\Meshes\rocks\aridrock.X][-27.9234,3.8147e-06,59.0626][0,0,0,1][0.01,0.01,0.01]
[..\..\Resources\Meshes\rocks\aridrock.X][-48.9842,0,48.7471][0,-0.382687,0,0.923878][0.0121667,0.01,0.0121667]
[..\..\Resources\Meshes\rocks\aridrock.X][-61.6309,0,22.0367][0,-0.725373,0,0.688356][0.0136668,0.01,0.011]
[..\..\Resources\Meshes\rocks\aridrock.X][33.711,0,59.0081][0,0,0,1][0.01,0.01,0.01]
[..\..\Resources\Meshes\rocks\aridrock.X][54.5694,0,47.1412][0,0.48862,0,0.872497][0.00966664,0.0101667,0.0105]
[..\..\Resources\Meshes\rocks\aridrock.X][60.415,0,-8.66441][0,0.67881,0,0.734314][0.0098333,0.01,0.01]
[..\..\Resources\Meshes\rocks\aridrock.X][55.3377,0,-62.2875][0,-0.271452,0,0.962452][0.00616662,0.01,0.0116668]
[..\..\Resources\Meshes\rocks\aridrock.X][29.5282,0,-68.5727][0,0,0,1][0.01,0.01,0.01]
[..\..\Resources\Meshes\rocks\aridrock.X][3.10333,0,-68.5802][0,0,0,1][0.01,0.01,0.01]
[..\..\Resources\Meshes\rocks\aridrock.X][-28.7306,0,-67.4486][0,0,0,1][0.01,0.01,0.01]
[..\..\Resources\Meshes\rocks\aridrock.X][-56.0616,0,-59.5649][0,0.321438,0,0.946931][0.00849987,0.01,0.013]
[..\..\Resources\Meshes\rocks\aridrock.X][-60.8138,7.62939e-06,-8.55848][0,-0.734335,0,0.678787][0.0086664,0.0105,0.0106667]
[..\..\Resources\Meshes\rocks\aridrock.X][-64.3655,7.62939e-06,-36.6474][0,0.707113,0,0.707101][0.01,0.01,0.01]
[..\..\Resources\Meshes\rocks\aridrock.X][63.4419,0,-36.6645][0,-0.697793,0,0.716299][0.012,0.01,0.01]
[..\..\Resources\Meshes\xfile\deadtree.X][17.1132,0,21.2408][0,0,0,1][0,0,0]
[..\..\Resources\Meshes\xfile\deadtree.X][33.5063,0,4.32002][0,0,0,1][0.01,0.01,0.01]
[..\..\Resources\Meshes\xfile\deadtree.X][-2.77861,0.699852,-20.5039][0,0,0,1][0.0341678,0.0240003,0.0263339]
[..\..\Resources\Meshes\xfile\bigrock.X][-37.6288,11.3001,18.2693][0,0,0,1][0.0104999,0.0311677,0.0145001]
[..\..\Resources\Meshes\rocks\aridrock.X][61.1881,0,20.2818][0,0.678804,0,0.734319][0.0105,0.01,0.01]
[..\..\Resources\Meshes\xfile\crystal.X][-36.4855,1.30918,50.4052][0,-0.500023,0,0.866012][0.0906693,0.0943357,0.0820022]
[..\..\Resources\Meshes\xfile\deadtree.X][37.1282,0,-36.4403][0,0,0,1][0.01,0.01,0.01]
[..\..\Resources\Meshes\xfile\bigrock.X][16.881,3.20009,-19.227][0,0.918794,0,0.394738][0.01,0.01,0.01]
[..\..\Resources\Meshes\xfile\bigrock.X][37.6549,11.5122,17.734][0,0,0,1][0.0150001,0.0323345,0.0133334]
[..\..\Resources\Meshes\xfile\crystal.X][45.7152,-3.33935e-05,-53.1094][0,-0.333805,0,0.942642][0.0593347,0.058168,0.0550012]
[..\..\Resources\Meshes\xfile\crystal.X][-36.3865,0.30006,9.65747][0,0.598345,0,0.801238][0.0275011,0.0518352,0.0303343]
[..\..\Resources\Meshes\xfile\bone.X][-34.813,-1.59676,-36.4132][0.200543,-0.0231254,-0.309386,0.929262][0.0545015,0.0561683,0.055335]
[..\..\Resources\Meshes\xfile\bigrock.X][-18.6504,0,-33.0422][0,0,0,1][0.01,0.01,0.01]
[..\..\Resources\Meshes\xfile\bigrock.X][-43.5028,0,-36.4503][0,0,0,1][0.01,0.01,0.01]
[..\..\Resources\Meshes\xfile\deadtree.X][-35.0351,0,-41.8859][0,0,0,1][0.022667,0.023167,0.0133335]
[..\..\Resources\Meshes\xfile\bigrock.X][37.7837,0.90011,-44.1472][0,-0.182235,0,0.983255][0.0131667,0.011,0.0111668]
[..\..\Resources\Meshes\rocks\skagden_sm_01.X][9.38407,-1.40002,-58.4746][0,-0.6978,0,0.716293][0.0193335,0.0470014,0.0350008]
[..\..\Resources\Meshes\xfile\bone.X][8.74607,-2.39988,-53.7283][0,0.716304,0,0.697788][0.135869,0.179839,0.116671]
